 F
        2255        6057           3         300
   -0.631479113721034810E+04   -0.630966329399769802E+04
 T
   2
    0.200000000000000000E+01    0.300000000000000000E+01    0.873333333333333295E+00    0.126666666666666677E+00
   0
   0
 T T     0           0
    0.000000000000000000E+00   -0.100000000000000002+101    0.000000000000000000E+00
 T F     1         262
    0.129742751042735130E-02   -0.631492701411585313E+04   -0.630966356296763843E+04
 T F     1          38
    0.191071475699747186E-03   -0.631685431241887727E+04   -0.630966144592244109E+04
