 F
        7381       59719           3         300
   -0.256616679321711454E+05   -0.256480215985392497E+05
 T
   2
    0.200000000000000000E+01    0.300000000000000000E+01    0.533333333333333368E-01    0.946666666666666656E+00
   0
   0
 T T     0           0
    0.000000000000000000E+00   -0.100000000000000002+101    0.000000000000000000E+00
 T F     1          16
    0.121056375195838964E-16   -0.256645978435166762E+05   -0.256480181969040314E+05
 T F     1         284
    0.107721178982802843E-09   -0.256617228127048475E+05   -0.256480217897432740E+05
