 F
       22900       95334           3        1000
    0.422009045472616344E+05    0.422367660302245349E+05
 T
   2
    0.200000000000000000E+01    0.300000000000000000E+01    0.919000000000000039E+00    0.810000000000000026E-01
   0
   0
 T T     0           0
    0.000000000000000000E+00   -0.100000000000000002+101    0.000000000000000000E+00
 F F     1         919
    0.528135473721845794E-09   -0.258335745026584664E+05   -0.258196478485965017E+05
 F F     1          81
    0.215789258682459178E-13    0.422009045472616344E+05    0.422367660302245349E+05
