Nested Sampling Global Log-Evidence           :   -0.703782585827626099E+04  +/-    0.818907006634940871E+00

Local Mode Properties
-------------------------------------------

Total Modes Found:           2


Mode   1
Strictly Local Log-Evidence   -0.704963759537869282E+04 +/-    0.997725383317771830E+00
Local Log-Evidence   -0.704963759537869282E+04 +/-    0.840698351233533869E+00

Dim No.       Mean        Sigma
   1    0.283407709977387887E-01    0.133754858233371965E-01
   2    0.183733094292103022E+00    0.144769869849189214E-01
   3    0.988835948899776995E+00    0.583198940873120644E-01
   4    0.236309112878974638E-01    0.904534834021935609E-02
   5    0.597820490481571001E-01    0.133095684807297953E-01
   6    0.132912342918547051E-03    0.848788388242598754E-05
   7   -0.770404663348273644E+01    0.321207764676055274E+00
   8    0.714683435678504075E+01    0.177071004688908795E+01
   9    0.177168371912799127E+01    0.402931980630844233E+00
  10   -0.296013746445029513E+01    0.481043632111677555E+00
  11    0.203647609302849464E+01    0.480733076517707913E+00
  12   -0.168203698379237099E+01    0.154025685416264158E+00
  13   -0.740749444483830821E+01    0.205855806256100116E+00
  14    0.519077802921083897E+01    0.839087160990089953E+00
  15   -0.266728943357925097E+01    0.173489501900089216E+00
  16   -0.786868728291809827E+01    0.949365049266833960E+00
  17    0.141015737156765075E+01    0.306482018584963101E+00
  18   -0.327697535189294675E+00    0.300385981657484535E+00
  19   -0.759284461159793711E+01    0.623869685933830381E-01
  20    0.722588948917052054E+01    0.121027803383897314E+01
  21    0.932187118829180705E+00    0.712995173614967559E-01
  22   -0.623988902950763169E+01    0.772039045349495301E+00
  23    0.153411900984267824E+01    0.436574448127192219E-01
  24   -0.168085130455237874E+01    0.177600954681835177E+00

Maximum Likelihood Parameters
Dim No.        Parameter
   1    0.451599430149513502E-02
   2    0.168247301845409480E+00
   3    0.930658265719091826E+00
   4    0.229320404406838756E-01
   5    0.907320372703209060E-01
   6    0.142126632919228489E-03
   7   -0.811259305957014831E+01
   8    0.113450927962870942E+02
   9    0.289534205626633678E+01
  10   -0.372343845484225788E+01
  11    0.101848487724582482E+01
  12   -0.140801695531415483E+01
  13   -0.737279662901303201E+01
  14    0.654147387241664546E+01
  15   -0.284364420617326585E+01
  16   -0.619221585453656775E+01
  17    0.909989165041982240E+00
  18   -0.518205786080714548E+00
  19   -0.756276122145373719E+01
  20    0.845295601902645544E+01
  21    0.877706158559299343E+00
  22   -0.547634825392741309E+01
  23    0.150695444125234612E+01
  24   -0.189109239978244603E+01

MAP Parameters
Dim No.        Parameter
   1    0.451599430149513502E-02
   2    0.168247301845409480E+00
   3    0.930658265719091826E+00
   4    0.229320404406838756E-01
   5    0.907320372703209060E-01
   6    0.142126632919228489E-03
   7   -0.811259305957014831E+01
   8    0.113450927962870942E+02
   9    0.289534205626633678E+01
  10   -0.372343845484225788E+01
  11    0.101848487724582482E+01
  12   -0.140801695531415483E+01
  13   -0.737279662901303201E+01
  14    0.654147387241664546E+01
  15   -0.284364420617326585E+01
  16   -0.619221585453656775E+01
  17    0.909989165041982240E+00
  18   -0.518205786080714548E+00
  19   -0.756276122145373719E+01
  20    0.845295601902645544E+01
  21    0.877706158559299343E+00
  22   -0.547634825392741309E+01
  23    0.150695444125234612E+01
  24   -0.189109239978244603E+01


Mode   2
Strictly Local Log-Evidence   -0.703782586569328214E+04 +/-    0.152067236979452125E+01
Local Log-Evidence   -0.703782586569328214E+04 +/-    0.818907132899928225E+00

Dim No.       Mean        Sigma
   1    0.738898800622161261E-01    0.139167342484336851E-01
   2    0.511845683636335050E-01    0.139209175869263596E-01
   3    0.126632268003185033E+01    0.124792278036413753E+00
   4    0.742172821621701062E-01    0.806541336148225950E-02
   5    0.201910849378605456E+00    0.225447495356864910E-01
   6    0.595381245130143584E-04    0.692585730066913882E-05
   7   -0.906475676316661527E+01    0.373482191086243032E+00
   8    0.824678061141350405E+01    0.171967195181662635E+01
   9    0.152603409367116871E+01    0.660961396435317705E+00
  10   -0.194925061645653908E+01    0.968200535190053113E+00
  11    0.729713314020688175E+00    0.107250126895022474E+00
  12   -0.903486252195348394E+00    0.553763999400709972E+00
  13   -0.614489943982091447E+01    0.560547342204115284E+00
  14    0.107864151052070714E+02    0.940359537161481795E+00
  15   -0.107558478897076149E+01    0.800570827609525915E+00
  16   -0.556272583513850094E+01    0.174229823772387005E+01
  17    0.140436221222652624E+01    0.299918343178342761E+00
  18   -0.480488447104472416E+00    0.326321466495546775E+00
  19   -0.709128213527617568E+01    0.858457803603647485E-01
  20    0.106654232193876197E+02    0.122856121147588437E+01
  21    0.350097463463123815E+00    0.112754204971823840E+00
  22   -0.297935155728404621E+00    0.549932105480689937E+00
  23    0.143334327162369490E+01    0.393233938018906284E-01
  24   -0.772414937248754319E+00    0.308540627444937710E+00

Maximum Likelihood Parameters
Dim No.        Parameter
   1    0.916317047447465505E-01
   2    0.571121083920325470E-01
   3    0.122196113186608124E+01
   4    0.693140214840755470E-01
   5    0.179370740467049400E+00
   6    0.616808905362444839E-04
   7   -0.891071765991556397E+01
   8    0.926918641621581330E+01
   9    0.501287802979466957E+00
  10   -0.344341239509648034E+01
  11    0.580992401389655244E+00
  12   -0.417626412908541855E+00
  13   -0.600620645865217995E+01
  14    0.930668666252762833E+01
  15   -0.236640845236000708E+00
  16   -0.216873083969382296E+01
  17    0.172163551505618062E+01
  18   -0.918691187375797469E-01
  19   -0.706679567982924972E+01
  20    0.105110813512124999E+02
  21    0.224572726848460302E+00
  22   -0.593930798899263479E+00
  23    0.142720094461075897E+01
  24   -0.119427053277003026E+01

MAP Parameters
Dim No.        Parameter
   1    0.916317047447465505E-01
   2    0.571121083920325470E-01
   3    0.122196113186608124E+01
   4    0.693140214840755470E-01
   5    0.179370740467049400E+00
   6    0.616808905362444839E-04
   7   -0.891071765991556397E+01
   8    0.926918641621581330E+01
   9    0.501287802979466957E+00
  10   -0.344341239509648034E+01
  11    0.580992401389655244E+00
  12   -0.417626412908541855E+00
  13   -0.600620645865217995E+01
  14    0.930668666252762833E+01
  15   -0.236640845236000708E+00
  16   -0.216873083969382296E+01
  17    0.172163551505618062E+01
  18   -0.918691187375797469E-01
  19   -0.706679567982924972E+01
  20    0.105110813512124999E+02
  21    0.224572726848460302E+00
  22   -0.593930798899263479E+00
  23    0.142720094461075897E+01
  24   -0.119427053277003026E+01
