Nested Sampling Global Log-Evidence           :   -0.539668354315078523E+04  +/-    0.549404610079019862E+00

Local Mode Properties
-------------------------------------------

Total Modes Found:           5


Mode   1
Strictly Local Log-Evidence   -0.539747884000340218E+04 +/-    0.967352553494744472E+00
Local Log-Evidence   -0.539726695853286947E+04 +/-    0.548094068194375228E+00

Dim No.       Mean        Sigma
   1    0.246589037702448083E-01    0.144363568642415989E-02
   2    0.683564703972441290E-01    0.104357516091979630E-02
   3    0.103837785624116372E-04    0.115986883287789387E-05
   4   -0.550210618761979386E+01    0.542605128672922835E-01
   5    0.318650175479735687E+01    0.201063265709996219E+00
   6   -0.108010806663154835E+01    0.141688385099116659E+00
   7   -0.503964535224532195E+01    0.310495213632166589E+00
   8    0.827799400569735444E+00    0.467710948615377431E-01
   9    0.138038635343545983E-01    0.249864044666341170E-01

Maximum Likelihood Parameters
Dim No.        Parameter
   1    0.230240467560799619E-01
   2    0.683426741306770030E-01
   3    0.106879471854025356E-04
   4   -0.544727771627555057E+01
   5    0.297600064015280719E+01
   6   -0.126289553945853705E+01
   7   -0.466686156547073061E+01
   8    0.781578659002301279E+00
   9    0.253981769149471681E-01

MAP Parameters
Dim No.        Parameter
   1    0.230240467560799619E-01
   2    0.683426741306770030E-01
   3    0.106879471854025356E-04
   4   -0.544727771627555057E+01
   5    0.297600064015280719E+01
   6   -0.126289553945853705E+01
   7   -0.466686156547073061E+01
   8    0.781578659002301279E+00
   9    0.253981769149471681E-01


Mode   2
Strictly Local Log-Evidence   -0.539888227821761393E+04 +/-    0.162245271111543121E+01
Local Log-Evidence   -0.539816244602382085E+04 +/-    0.547662210299671770E+00

Dim No.       Mean        Sigma
   1    0.275820055244250587E-01    0.586906889173715446E-03
   2    0.594916060729326693E-01    0.804337749165877575E-03
   3    0.181769127880624744E-04    0.135868508776298019E-05
   4   -0.574054322062458589E+01    0.447210647767594671E-01
   5    0.335462313967394099E+01    0.796354522499865963E-01
   6   -0.305949099073779707E+00    0.609551415701800811E-01
   7   -0.643804112540980444E+01    0.775219749672814845E-01
   8    0.956188426905240751E+00    0.223327373858894403E-01
   9    0.198908517789371297E+00    0.178024082289239410E-01

Maximum Likelihood Parameters
Dim No.        Parameter
   1    0.285819448502769580E-01
   2    0.596095987525291082E-01
   3    0.164735075658910263E-04
   4   -0.570232281794349394E+01
   5    0.347355337516658214E+01
   6   -0.308001963722096761E+00
   7   -0.649980477405621393E+01
   8    0.939333613141110635E+00
   9    0.185872107438993517E+00

MAP Parameters
Dim No.        Parameter
   1    0.285819448502769580E-01
   2    0.596095987525291082E-01
   3    0.164735075658910263E-04
   4   -0.570232281794349394E+01
   5    0.347355337516658214E+01
   6   -0.308001963722096761E+00
   7   -0.649980477405621393E+01
   8    0.939333613141110635E+00
   9    0.185872107438993517E+00


Mode   3
Strictly Local Log-Evidence   -0.539935556699953577E+04 +/-    0.145095468427328544E+01
Local Log-Evidence   -0.539822474791439981E+04 +/-    0.541471995530695582E+00

Dim No.       Mean        Sigma
   1    0.282005761797607425E-01    0.220567625982571840E-03
   2    0.624205604223141766E-01    0.686963550863056087E-03
   3    0.139928200259686959E-04    0.792658999010794985E-06
   4   -0.564257942365237231E+01    0.247381972281357949E-01
   5    0.344904576756214931E+01    0.736310747727314807E-01
   6   -0.448136157366944232E+00    0.693051872868097885E-01
   7   -0.620406586623948186E+01    0.608995931153197695E-01
   8    0.914777396544546484E+00    0.141256604479203587E-01
   9    0.122287482548676274E+00    0.918048041921665919E-02

Maximum Likelihood Parameters
Dim No.        Parameter
   1    0.283196075236590711E-01
   2    0.624707844170999463E-01
   3    0.138990495134307380E-04
   4   -0.563495717086654935E+01
   5    0.351153148929350412E+01
   6   -0.559205060295212331E+00
   7   -0.622849372090440223E+01
   8    0.912324649286080591E+00
   9    0.123143044459036233E+00

MAP Parameters
Dim No.        Parameter
   1    0.283196075236590711E-01
   2    0.624707844170999463E-01
   3    0.138990495134307380E-04
   4   -0.563495717086654935E+01
   5    0.351153148929350412E+01
   6   -0.559205060295212331E+00
   7   -0.622849372090440223E+01
   8    0.912324649286080591E+00
   9    0.123143044459036233E+00


Mode   4
Strictly Local Log-Evidence   -0.541293946079373018E+04 +/-    0.108864340867380038E+01
Local Log-Evidence   -0.541293905580828869E+04 +/-    0.527699260869151643E+00

Dim No.       Mean        Sigma
   1    0.229144789938458757E-01    0.209859743816212139E-02
   2    0.802076059204110681E-01    0.228744582203522584E-02
   3    0.536221691804023052E-05    0.155163939343439784E-05
   4   -0.564464550715042002E+01    0.806391630496056527E-01
   5    0.460954909641661015E+01    0.224426100760147490E+00
   6   -0.125340465187985517E+01    0.500632318471058269E+00
   7   -0.672442168594865564E+01    0.798276596699192598E+00
   8    0.979239903773973297E+00    0.246099829969774128E-01
   9   -0.611410634941608813E-01    0.713229753291240859E-01

Maximum Likelihood Parameters
Dim No.        Parameter
   1    0.237207996014278874E-01
   2    0.793645194851620717E-01
   3    0.509727241225878272E-05
   4   -0.557072781466595846E+01
   5    0.488883017763491168E+01
   6   -0.163238048508428935E+01
   7   -0.623206642816951017E+01
   8    0.964007091583761522E+00
   9   -0.114708444151423006E+00

MAP Parameters
Dim No.        Parameter
   1    0.237207996014278874E-01
   2    0.793645194851620717E-01
   3    0.509727241225878272E-05
   4   -0.557072781466595846E+01
   5    0.488883017763491168E+01
   6   -0.163238048508428935E+01
   7   -0.623206642816951017E+01
   8    0.964007091583761522E+00
   9   -0.114708444151423006E+00


Mode   5
Strictly Local Log-Evidence   -0.551705088785927546E+04 +/-    0.135263421469675404E+01
Local Log-Evidence   -0.551705088785927546E+04 +/-    0.532532622859001159E+00

Dim No.       Mean        Sigma
   1    0.262305344051746367E-01    0.853919962132529062E-02
   2    0.789171187796499640E-01    0.697967799719454232E-02
   3    0.208024070334415944E-04    0.316733815971077857E-05
   4   -0.823573814759164513E+01    0.985007162849422108E-01
   5    0.777469548867365656E+01    0.687387013893379528E+00
   6    0.240632574695537205E+01    0.864752825587891266E-01
   7   -0.583897115465396332E+01    0.623540311815929615E+00
   8    0.177847838825016091E+01    0.208718096473734273E-01
   9    0.483126691270726105E+00    0.114442630770779045E-01

Maximum Likelihood Parameters
Dim No.        Parameter
   1    0.298421220494029214E-01
   2    0.762693620754906071E-01
   3    0.204488720461671480E-04
   4   -0.824285583023305968E+01
   5    0.742566256679023251E+01
   6    0.237189087912701257E+01
   7   -0.587114727192257213E+01
   8    0.179115235657316263E+01
   9    0.490123684616267763E+00

MAP Parameters
Dim No.        Parameter
   1    0.298421220494029214E-01
   2    0.762693620754906071E-01
   3    0.204488720461671480E-04
   4   -0.824285583023305968E+01
   5    0.742566256679023251E+01
   6    0.237189087912701257E+01
   7   -0.587114727192257213E+01
   8    0.179115235657316263E+01
   9    0.490123684616267763E+00
