 F
        5504       18143           3         300
   -0.221001137249397980E+05   -0.220860719129797144E+05
 T
   2
    0.200000000000000000E+01    0.300000000000000000E+01    0.939999999999999947E+00    0.599999999999999978E-01
   0
   0
 T T     0           0
    0.000000000000000000E+00   -0.100000000000000002+101    0.000000000000000000E+00
 T F     1         282
    0.292556080730103108E-07   -0.221001329477951876E+05   -0.220860382246035224E+05
 T F     1          18
    0.750653178741758808E-09   -0.221040749762936939E+05   -0.220878076335071783E+05
