    0.115888833999633789E+01    0.168073177337646484E-01    0.501380741596221924E+01    0.172533679008483887E+01    0.138728527486324289E+02   -0.338785279989242571E+01   -0.499029642045497912E+01    0.794829130172729492E+00   -0.535793885588645935E+00   -0.111379048905194797E+15   -0.570378062280500497E+01    1
    0.692286849021911621E+01    0.122230195999145508E+01    0.458121538162231445E+01    0.182097768783569336E+01    0.103189027279615395E+02   -0.119113692045211783E+01   -0.510094557106494939E+01    0.235896074771881104E+01   -0.358428388833999634E+00   -0.111379048905194797E+15   -0.570711395613835482E+01    1
    0.117893815040588379E+01    0.193655371665954590E+01    0.778183460235595703E+01    0.525081634521484375E+00    0.329982988238334629E+01   -0.170368923544883755E+01   -0.819063217639923025E+01    0.510594546794891357E+00   -0.139146187901496887E+01   -0.111379048905194797E+15   -0.571044728947168334E+01    1
    0.420310020446777344E+01    0.160996949672698975E+01    0.416953146457672119E+01    0.116508281230926514E+01    0.229143176078796351E+01   -0.392366296052932739E+01   -0.774773356914520228E+01    0.159006154537200928E+01   -0.687848851084709167E+00   -0.111379048905194797E+15   -0.571378062280501098E+01    1
    0.385002851486206055E+01    0.132628774642944336E+01    0.904340386390686035E+01    0.168741428852081299E+01    0.452995752394199336E+01   -0.337654060125351041E+00   -0.106847971081733739E+01    0.234559440612792969E+01    0.247924923896789551E-01   -0.111379048905194797E+15   -0.571711395613834394E+01    1
    0.167827200889587402E+02    0.186877942085266113E+01    0.349996745586395264E+01    0.661752104759216309E+00    0.915182225704193186E+01    0.240876734256745273E-01   -0.945873258411884343E+01    0.108964091539382935E+01    0.363025218248367310E-01   -0.111379048905194797E+15   -0.572044728947168135E+01    1
    0.641886472702026367E+01    0.547378182411193848E+00    0.975819110870361328E+01    0.833807349205017090E+00    0.741307113766670156E+01    0.355880165100098012E+00   -0.153310200870037150E+01    0.319605761766433716E+01   -0.993997931480407715E+00   -0.111379048905194797E+15   -0.572378062280502586E+01    1
    0.795702099800109863E+01    0.143932831287384033E+01    0.623284578323364258E+00    0.144811379909515381E+01    0.786972624063491732E+01   -0.389395636916160592E+01   -0.825989598333835673E+01    0.335515838861465454E+01   -0.997032046318054199E+00   -0.111379048905194797E+15   -0.572711395613835883E+01    1
    0.224993705749511719E+01    0.364040970802307129E+00    0.264235138893127441E+00    0.128742527961730957E+01    0.138763825565576546E+02   -0.133474037051200867E+01    0.117910279631614578E+01    0.222242397069931030E+01   -0.927813485264778137E+00   -0.111379048905194797E+15   -0.573044728947169002E+01    1
    0.116216278076171875E+02    0.166917037963867188E+01    0.932554721832275391E+01    0.356095790863037109E+00    0.497425405383109975E+01   -0.118820290565490705E+01   -0.208814696967601865E+01    0.916608750820159912E+00   -0.147172912955284119E+00   -0.111379048905194797E+15   -0.573378062280501766E+01    1
    0.137875747680664062E+02    0.162495493888854980E+01    0.746694862842559814E+01    0.992610692977905273E+00    0.117650680452585199E+02    0.256917318701744080E+01   -0.220763902068138140E+01    0.168266588449478149E+01   -0.162275345623493195E+01   -0.111379048905194797E+15   -0.573711395613834529E+01    1
    0.245102643966674805E+01    0.121536839008331299E+01    0.486857771873474121E+01    0.544585466384887695E+00    0.811352844536304474E+01   -0.160939113497734088E+01   -0.576399571597576177E+01    0.251982784271240234E+01    0.216485410928726196E+00   -0.111379048905194797E+15   -0.574044728947167915E+01    1
    0.137431740760803223E+01    0.179275524616241455E+01    0.784099102020263672E+01    0.943645358085632324E+00    0.544905991852283478E+01    0.226849465966224706E+01   -0.960665416717530363E+00    0.282195132970809937E+01   -0.350954681634902954E-01   -0.111379048905194797E+15   -0.574378062280501744E+01    1
    0.104141283035278320E+02    0.151971578598022461E+00    0.996815204620361328E+01    0.348072171211242676E+00    0.681270044147968257E+01   -0.140901774764060983E+01   -0.460260130167007464E+01    0.114298522472381592E+01   -0.250252485275268555E+00   -0.111379048905194797E+15   -0.574711395613836196E+01    1
    0.187358856201171875E+02    0.118315541744232178E+01    0.311535418033599854E+01    0.847445964813232422E+00    0.527541621625423396E+01   -0.260830925107002276E+01   -0.705245153307914752E+01    0.209308624267578125E+01   -0.209164127707481384E+00   -0.111379048905194797E+15   -0.575044728947169581E+01    1
    0.528463602066040039E+01    0.194016361236572266E+01    0.648465037345886230E+01    0.140524828433990479E+01    0.772083982229232735E+01   -0.236278806328773516E+01   -0.780968278646469116E+00    0.258828461170196533E+01   -0.139554379880428314E+01   -0.111379048905194797E+15   -0.575378062280501634E+01    1
    0.139797687530517578E+02    0.142930030822753906E+01    0.770284771919250488E+01    0.179014694690704346E+01    0.839363371729850627E+01   -0.195626085996627808E+01   -0.142957466840744729E+00    0.157753205299377441E+01   -0.699980482459068298E+00   -0.111379048905194797E+15   -0.575711395613834398E+01    1
    0.218211174011230469E+01    0.129829406738281250E+00    0.382727444171905518E+01    0.182276344299316406E+01    0.145692051976919181E+02    0.197975001335144096E+01   -0.145848260223865545E+01    0.261124843358993530E+01   -0.653811618685722351E+00   -0.111379048905194797E+15   -0.576044728947168139E+01    1
    0.313701152801513672E+01    0.122726476192474365E+01    0.431488752365112305E+01    0.101246845722198486E+01    0.479746416807174647E+01   -0.225478103160858190E+01   -0.895659615993499791E+01    0.280443829298019409E+01    0.241272106766700745E+00   -0.111379048905194797E+15   -0.576378062280501613E+01    1
    0.188691890239715576E+02    0.122710919380187988E+01    0.518293142318725586E+01    0.182795560359954834E+01    0.552797154188156092E+01    0.146875189542770368E+01    0.469377949833869934E+00    0.333264052867889404E+01    0.105131089687347412E+00   -0.111379048905194797E+15   -0.576711395613835531E+01    1
    0.805838704109191895E+01    0.178446078300476074E+01    0.860228657722473145E+01    0.780609130859375000E+00    0.505433121621608716E+01    0.166712115406990069E+01   -0.872852198183536565E+01    0.251229691505432129E+01   -0.493096604943275452E+00   -0.111379048905194797E+15   -0.577044728947169805E+01    1
    0.189450740814208984E+02    0.158999562263488770E+01    0.171354234218597412E+01    0.115152227878570557E+01    0.134171007454395301E+02   -0.435135245323179376E-01    0.146092385947704173E+01    0.192459326982498169E+01   -0.157759766280651093E+01   -0.111379048905194797E+15   -0.577378062280503279E+01    1
    0.986605644226074219E+01    0.123799037933349609E+01    0.675314307212829590E+01    0.188187634944915771E+01    0.133896966844797127E+02    0.793289375305175959E+00   -0.870804192423820567E+01    0.308151102066040039E+01   -0.174020403623580933E+01   -0.111379048905194797E+15   -0.577711395613835421E+01    1
    0.577754735946655273E+01    0.165953040122985840E+01    0.423277616500854492E+01    0.182406723499298096E+01    0.138537271022796631E+02   -0.638826525211334317E+00   -0.632236842811107635E+01    0.915536403656005859E+00    0.439139068126678467E+00   -0.111379048905194797E+15   -0.578044728947167474E+01    1
    0.101414358615875244E+02    0.120971763134002686E+01    0.677521646022796631E+01    0.130867600440979004E+00    0.640479651689529383E+01   -0.190574554800987261E+01   -0.666614606380462682E+01    0.989851832389831543E+00    0.191398844122886658E+00   -0.111379048905194797E+15   -0.578378062280501393E+01    1
    0.134967672824859619E+02    0.483479738235473633E+00    0.195852994918823242E+01    0.794766664505004883E+00    0.125334554374217966E+02   -0.599720311164856135E+00   -0.578739040493965184E+01    0.346429747343063354E+01   -0.945865288376808167E+00   -0.111379048905194797E+15   -0.578711395613835577E+01    1
    0.188111901283264160E+02    0.447400808334350586E-01    0.217244267463684082E+01    0.440168857574462891E+00    0.140340606898069389E+02   -0.236181540489196795E+01    0.144555865228176117E+01    0.149947476387023926E+01   -0.631311640143394470E+00   -0.111379048905194797E+15   -0.579044728947169407E+01    1
    0.410378694534301758E+01    0.655525445938110352E+00    0.882662594318389893E+01    0.850715756416320801E+00    0.270520351827144623E+01   -0.266427803039550781E+01   -0.851794105768204801E+00    0.251225829124450684E+01   -0.163761691749095917E+01   -0.111379048905194797E+15   -0.579378062280503325E+01    1
    0.586920976638793945E+01    0.185638535022735596E+01    0.115259289741516113E+01    0.124032604694366455E+01    0.127350018352270133E+02   -0.725767791271209717E+00   -0.506311020851135307E+01    0.165773689746856689E+01   -0.131428989768028259E+01   -0.111379048905194797E+15   -0.579711395613835734E+01    1
    0.137333095073699951E+02    0.427226543426513672E+00    0.200615346431732178E+01    0.166820168495178223E+00    0.276665289700031281E+01   -0.268709828257560712E+01   -0.655047038495540690E+01    0.306263041496276855E+01    0.375734195113182068E+00   -0.111379048905194797E+15   -0.580044728947169297E+01    1
    0.553372263908386230E+01    0.190311253070831299E+01    0.252047955989837646E+01    0.836331963539123535E+00    0.385188705623149819E+01   -0.843343889713287442E+00   -0.952372629940509796E+01    0.160165601968765259E+01   -0.172080884873867035E+01   -0.111379048905194797E+15   -0.580378062280502593E+01    1
    0.124103093147277832E+02    0.101476550102233887E+00    0.593631029129028320E+01    0.977972507476806641E+00    0.369672833979129756E+01   -0.189193791151046753E+01   -0.633538597524166125E+01    0.271928673982620239E+01    0.274459481239318848E+00   -0.111379048905194797E+15   -0.580711395613834647E+01    1
    0.178272724151611328E+00    0.824856758117675781E+00    0.706303417682647705E+01    0.124961066246032715E+01    0.492278585731983132E+01    0.171882257461547905E+01   -0.512316571772098595E+01    0.187248438596725464E+01    0.476599469780921936E+00   -0.111379048905194797E+15   -0.581044728947168032E+01    1
    0.195100581645965576E+02    0.558314323425292969E+00    0.763429403305053711E+01    0.637902021408081055E+00    0.131928641587495790E+02    0.184068330526351964E+01   -0.273450849950313568E+01    0.136644935607910156E+01   -0.714341565966606140E+00   -0.111379048905194797E+15   -0.581378062280502572E+01    1
    0.196407449245452881E+02    0.643054008483886719E+00    0.347445785999298096E+01    0.791499733924865723E+00    0.143955831080675125E+02    0.594169956445694147E+00   -0.348891866207122803E+01    0.126022011041641235E+01   -0.121950156986713409E+01   -0.111379048905194797E+15   -0.581711395613836935E+01    1
    0.160949850082397461E+02    0.193560481071472168E+00    0.464902937412261963E+01    0.146727001667022705E+01    0.103039514094591134E+02    0.218667866587638837E+01   -0.119912385940551758E+01    0.198990291357040405E+01   -0.262681439518928528E+00   -0.111379048905194797E+15   -0.582044728947169965E+01    1
    0.386687159538269043E+01    0.151361119747161865E+01    0.913846015930175781E+01    0.850908756256103516E-01    0.317582116127014125E+01    0.111688686013221705E+01   -0.467940383255481773E+01    0.342040044069290161E+01   -0.731506094336509705E+00   -0.111379048905194797E+15   -0.582378062280502462E+01    1
    0.127546429634094238E+02    0.177550768852233887E+01    0.502069592475891113E+01    0.147920727729797363E+01    0.665651666820049215E+01    0.550074601173401234E+00   -0.881969182193279266E+01    0.126198679208755493E+01   -0.122991739213466644E+01   -0.111379048905194797E+15   -0.582711395613835315E+01    1
    0.999350786209106445E+01    0.132079255580902100E+01    0.703952312469482422E+00    0.163257610797882080E+01    0.110723256796598442E+02   -0.259489232301712036E+01    0.334019961953162081E+00    0.141396450996398926E+01    0.230809077620506287E+00   -0.111379048905194797E+15   -0.583044728947169411E+01    1
    0.148002970218658447E+02    0.839751124382019043E+00    0.243575274944305420E+01    0.362488985061645508E+00    0.141981307625770548E+02   -0.140510120391845694E+01   -0.248182164132595151E+01    0.145603120326995850E+01   -0.171686439216136932E+01   -0.111379048905194797E+15   -0.583378062280502441E+01    1
    0.523722529411315918E+01    0.287491083145141602E+00    0.173579812049865723E+01    0.193125140666961670E+01    0.147766688287258141E+02    0.211855983734130504E+00   -0.850530053675174713E+01    0.261090493202209473E+01    0.780623704195022583E-01   -0.111379048905194797E+15   -0.583711395613834316E+01    1
    0.166543233394622803E+02    0.147338521480560303E+01    0.817674100399017334E+01    0.153443479537963867E+01    0.111964988112449646E+02   -0.222440159916877755E+01    0.979901418089866638E+00    0.251111531257629395E+01   -0.465849250555038452E+00   -0.111379048905194797E+15   -0.584044728947168412E+01    1
    0.397673964500427246E+01    0.163168811798095703E+01    0.367609977722167969E+01    0.139900887012481689E+01    0.132305666446685777E+02   -0.192826927304267892E+01   -0.747670419216156024E+01    0.502895176410675049E+00   -0.163067160546779633E+01   -0.111379048905194797E+15   -0.584378062280502064E+01    1
    0.100071191787719727E+02    0.144540858268737793E+01    0.252049565315246582E+00    0.972719073295593262E+00    0.600174771845340693E+01    0.125157968997955305E+01   -0.289062559604680303E-02    0.344940656423568726E+01    0.148598566651344299E+00   -0.111379048905194797E+15   -0.584711395613835627E+01    1
    0.648856759071350098E+01    0.765081644058227539E-01    0.652420401573181152E+01    0.123467314243316650E+01    0.124520259410142877E+02    0.246152684092521667E+01    0.735162129998206737E+00    0.214895540475845337E+01    0.292341098189353943E+00   -0.111379048905194797E+15   -0.585044728947168746E+01    1
    0.444063901901245117E+01    0.267111301422119141E+00    0.985234200954437256E+01    0.642675638198852539E+00    0.685558301508426648E+01    0.185170745253562963E+01   -0.720222241580486333E+01    0.235358935594558716E+01   -0.639429748058319092E+00   -0.111379048905194797E+15   -0.585378062280502132E+01    1
    0.707082271575927734E+01    0.275869846343994141E+00    0.139674305915832520E+01    0.193513023853302002E+01    0.405794354975223470E+01   -0.351862044930458095E+01    0.474279829859732160E+00    0.302104240655899048E+01   -0.116612802445888519E+01   -0.111379048905194797E+15   -0.585711395613836583E+01    1
    0.187199413776397705E+02    0.128875231742858887E+01    0.630053639411926270E+01    0.183503723144531250E+01    0.128807930141687379E+02   -0.358823934793472299E+01   -0.935742065310478210E+01    0.238907122611999512E+01    0.401035740971565247E+00   -0.111379048905194797E+15   -0.586044728947168458E+01    1
    0.107898068428039551E+02    0.269762396812438965E+00    0.679315686225891113E+01    0.210504651069641113E+00    0.112420953154563890E+02    0.699728274345398304E+00   -0.938146921098232234E+01    0.104280275106430054E+01   -0.101037576794624329E+00   -0.111379048905194797E+15   -0.586378062280500867E+01    1
    0.643820405006408691E+01    0.839161872863769531E+00    0.848929941654205322E+01    0.572461009025573730E+00    0.804411712288856506E+01   -0.313433607220649746E+01   -0.945874326825141942E+01    0.129506093263626099E+01   -0.160507676005363464E+01   -0.111379048905194797E+15   -0.586711395613835673E+01    1
    0.131589448451995850E+02    0.704750895500183105E+00    0.986361324787139893E+01    0.720640540122985840E+00    0.399530701935291255E+01   -0.358822042942047137E+01   -0.229527668654918759E+01    0.243049347400665283E+01   -0.144529877603054047E+01   -0.111379048905194797E+15   -0.587044728947169592E+01    1
    0.167310202121734619E+02    0.126445603370666504E+01    0.349427461624145508E+00    0.197726845741271973E+01    0.868034782707691122E+01    0.285195397734642064E+01   -0.350690361857414246E+01    0.346137011051177979E+01    0.136460497975349426E+00   -0.111379048905194797E+15   -0.587378062280501378E+01    1
    0.729602694511413574E+01    0.137156665325164795E+01    0.301263749599456787E+01    0.143385171890258789E+00    0.122801266878843300E+02   -0.241847413778304876E+00   -0.364081853628158569E+01    0.267710131406784058E+01   -0.941488862037658691E+00   -0.111379048905194797E+15   -0.587711395613836363E+01    1
    0.184026181697845459E+02    0.690977454185485840E+00    0.219158768653869629E+01    0.547486662864685059E+00    0.749589156210422480E+01   -0.365615763664245641E+01   -0.871026279926300084E+01    0.142589068412780762E+01    0.162617266178131104E+00   -0.111379048905194797E+15   -0.588044728947169038E+01    1
    0.150280547142028809E+02    0.914382815361022949E+00    0.622053742408752441E+00    0.110315716266632080E+01    0.789721752405166555E+01   -0.167825740575790405E+01   -0.923145615458488500E+01    0.278417778015136719E+01   -0.808184817433357239E+00   -0.111379048905194797E+15   -0.588378062280502512E+01    1
    0.133149242401123047E+02    0.898357629776000977E+00    0.980547666549682617E+01    0.901997685432434082E+00    0.146414292514324167E+02   -0.117537146806717008E+00   -0.646974820196628642E+01    0.170824146270751953E+01   -0.162717977166175842E+01   -0.111379048905194797E+15   -0.588711395613835986E+01    1
    0.146306180953979492E+02    0.213033437728881836E+00    0.581983149051666260E+01    0.147899699211120605E+01    0.623658607900142670E+01   -0.271651574969291687E+01   -0.308910346329212260E+01    0.889377176761627197E+00   -0.468342900276184082E-01   -0.111379048905194797E+15   -0.589044728947168750E+01    1
    0.895719528198242188E+01    0.961619257926940918E+00    0.835110783576965332E+01    0.176776313781738281E+01    0.145726655364036546E+02    0.123527809977531433E+01   -0.827160792946815526E+01    0.299983686208724976E+01    0.484073847532272339E+00   -0.111379048905194797E+15   -0.589378062280501336E+01    1
    0.191724741458892822E+02    0.171964001655578613E+01    0.769316196441650391E+01    0.371966361999511719E-01    0.530365082025527901E+01   -0.242305134534835798E+01   -0.166194338798523056E+01    0.306758910417556763E+01    0.201766788959503174E+00   -0.111379048905194797E+15   -0.589711395613836142E+01    1
    0.138433480262756348E+02    0.683533787727355957E+00    0.129886627197265625E+01    0.128389406204223633E+01    0.717904093563556600E+01    0.550863420963286998E+00   -0.635812608301639592E+01    0.108689790964126587E+01   -0.155843341350555420E+01   -0.111379048905194797E+15   -0.590044728947168906E+01    1
    0.180463588237762451E+02    0.111322259902954102E+01    0.221722424030303955E+01    0.111289918422698975E+01    0.115296098649501779E+02   -0.253407341241836548E+01   -0.471587233841419273E+01    0.147584521770477295E+01   -0.169131541252136230E+01   -0.111379048905194797E+15   -0.590378062280501403E+01    1
    0.710361599922180176E+01    0.155131113529205322E+01    0.850130438804626465E+01    0.180760896205902100E+01    0.921538658738136363E+01    0.113441609740257299E+01   -0.774722999036312121E+01    0.196625477075576782E+01   -0.910655260086059570E-01   -0.111379048905194797E+15   -0.590711395613835233E+01    1
    0.235661149024963379E+01    0.177273869514465332E+01    0.902939379215240479E+01    0.114796793460845947E+01    0.887602639198303223E+01    0.269488219022750908E+01   -0.914733641743660009E+01    0.265433329343795776E+01    0.365373626351356506E+00   -0.111379048905194797E+15   -0.591044728947168974E+01    1
    0.669550895690917969E-01    0.110179769992828369E+01    0.139655590057373047E+01    0.156323516368865967E+01    0.811229034960269857E+01    0.226641074419021660E+01    0.949806353449821117E+00    0.297745132446289062E+01    0.363440558314323425E+00   -0.111379048905194797E+15   -0.591378062280503869E+01    1
    0.180876457691192627E+02    0.305731654167175293E+00    0.752539634704589844E+01    0.134053456783294678E+01    0.145011091589927652E+02   -0.261749706864357012E+01   -0.596606685221195221E+01    0.164490342140197754E+01   -0.418501153588294983E+00   -0.111379048905194797E+15   -0.591711395613837610E+01    1
    0.684336304664611816E+01    0.176559948921203613E+01    0.642889142036437988E+01    0.198018467426300049E+01    0.778589928448200208E+01    0.550638616085050714E-01   -0.365755587816245509E-01    0.154751062393188477E+01    0.103678807616233826E+00   -0.111379048905194797E+15   -0.592044728947170285E+01    1
    0.129118025302886963E+02    0.448133349418640137E+00    0.544523656368255615E+01    0.147201490402221680E+01    0.802041036784648753E+01    0.241134383678436315E+01   -0.177593667209148443E+01    0.334283936023712158E+01   -0.158129280805587769E+01   -0.111379048905194797E+15   -0.592378062280502160E+01    1
    0.197775483131408691E+02    0.143292295932769775E+01    0.799379348754882812E+01    0.159112751483917236E+01    0.895825632810592509E+01    0.353892898559569957E+00   -0.363148915171623266E+01    0.145361256599426270E+01   -0.137308003008365631E+01   -0.111379048905194797E+15   -0.592711395613834124E+01    1
    0.119615244865417480E+02    0.151606309413909912E+01    0.938696086406707764E+01    0.149107038974761963E+01    0.103036743044853196E+02    0.299673670530319569E+00   -0.127621699869632721E+01    0.201471567153930664E+01   -0.107832738757133484E+01   -0.111379048905194797E+15   -0.593044728947167687E+01    1
    0.587485909461975098E+01    0.573099017143249512E+00    0.469533801078796387E+01    0.931955575942993164E+00    0.141069748044013963E+02   -0.299115006327629107E+01    0.510323819518088584E+00    0.108106535673141479E+01   -0.962799817323684692E+00   -0.111379048905194797E+15   -0.593378062280501606E+01    1
    0.879427194595336914E+00    0.792751908302307129E+00    0.886667966842651367E+01    0.127576720714569092E+01    0.104527235895395272E+02    0.234981811046599987E+00   -0.666822305917739833E+01    0.603902339935302734E+00   -0.172744369506835938E+01   -0.111379048905194797E+15   -0.593711395613835968E+01    1
    0.499030947685241699E+01    0.155787634849548340E+01    0.788497984409332275E+01    0.847907781600952148E+00    0.137033393770456300E+02    0.195157746672630328E+01    0.560377556085585482E+00    0.339562898874282837E+01   -0.274936720728874207E+00   -0.111379048905194797E+15   -0.594044728947169531E+01    1
    0.647150993347167969E+01    0.267767906188964844E+00    0.276853561401367188E+01    0.877109289169311523E+00    0.112340731650590904E+02    0.295572054386139094E+00   -0.805853854715824092E+01    0.316656762361526489E+01   -0.144621273875236511E+01   -0.111379048905194797E+15   -0.594378062280501940E+01    1
    0.191205072402954102E+02    0.596821188926696777E+00    0.394018590450286865E+01    0.828770518302917480E+00    0.123749483048915856E+02   -0.265002169609069860E+01   -0.542646473646163940E+01    0.107313656806945801E+01    0.293868482112884521E+00   -0.111379048905194797E+15   -0.594711395613835059E+01    1
    0.726385593414306641E+01    0.198253655433654785E+01    0.710210978984832764E+01    0.138067877292633057E+01    0.941399366557597972E+01   -0.821387720108032404E+00   -0.625266443490982127E+01    0.234190100431442261E+01   -0.701279342174530029E-01   -0.111379048905194797E+15   -0.595044728947167822E+01    1
    0.608258128166198730E+01    0.148563420772552490E+01    0.987915813922882080E+01    0.395377755165100098E+00    0.437141334116458857E+01    0.125176887512207013E+01    0.234436011314391735E+00    0.113172835111618042E+01   -0.138619388639926910E+01   -0.111379048905194797E+15   -0.595378062280501563E+01    1
    0.706231236457824707E+01    0.451963067054748535E+00    0.959301531314849854E+01    0.126349103450775146E+01    0.948419153392314840E+01    0.259763033390045184E+01   -0.236033379435539281E+01    0.107068628072738647E+01   -0.166404391825199127E+01   -0.111379048905194797E+15   -0.595711395613834949E+01    1
    0.682729363441467285E+01    0.625579357147216797E+00    0.839243412017822266E+01    0.136634480953216553E+01    0.367293204665184003E+01    0.252755821347236687E+01   -0.287708255052566564E+01    0.138351660966873169E+01   -0.683844313025474548E+00   -0.111379048905194797E+15   -0.596044728947167890E+01    1
    0.805487513542175293E+01    0.931596398353576660E+00    0.347711980342864990E+01    0.817447543144226074E+00    0.611351210474967921E+01   -0.149234105348587054E+01    0.111165101826190948E+01    0.253955209255218506E+01   -0.160166686773300171E+01   -0.111379048905194797E+15   -0.596378062280501009E+01    1
    0.174354171752929688E+02    0.379838943481445312E+00    0.625778913497924805E+01    0.181383395195007324E+01    0.839963740110397339E+01   -0.121150583028793335E+00   -0.154133092761039769E+01    0.196666443347930908E+01    0.711637288331985474E-01   -0.111379048905194797E+15   -0.596711395613835194E+01    1
    0.383354306221008301E+01    0.882265925407409668E+00    0.726804792881011963E+01    0.388671040534973145E+00    0.124296360135078423E+02    0.190967887639999390E+00   -0.599282419383525866E+01    0.264175677299499512E+01   -0.164750005304813385E+01   -0.111379048905194797E+15   -0.597044728947169379E+01    1
    0.125191414356231689E+02    0.132929086685180664E+01    0.521275281906127930E+01    0.467192649841308594E+00    0.128912357807159417E+02   -0.262426455020904559E+01   -0.949045804738998378E+01    0.151194506883621216E+01    0.347322091460227966E+00   -0.111379048905194797E+15   -0.597378062280502675E+01    1
    0.146937155723571777E+02    0.132085072994232178E+01    0.793536186218261719E+01    0.134477913379669189E+01    0.633728401958942378E+01   -0.276251241564750671E+01   -0.236778134703636223E+01    0.151965963840484619E+01    0.104696840047836304E+00   -0.111379048905194797E+15   -0.597711395613836682E+01    1
    0.363027215003967285E+01    0.814999818801879883E+00    0.777114331722259521E+01    0.605171561241149902E+00    0.521121431291103310E+01   -0.117309235930442801E+01   -0.963784423172473836E+01    0.152530479431152344E+01   -0.158305904269218445E+01   -0.111379048905194797E+15   -0.598044728947168824E+01    1
    0.147562468051910400E+02    0.197054982185363770E+01    0.609569907188415527E+01    0.325873970985412598E+00    0.839065503180026973E+01   -0.286025656461715716E+01   -0.460286698043346476E+01    0.145250892639160156E+01    0.247901052236557007E+00   -0.111379048905194797E+15   -0.598378062280501855E+01    1
    0.185141801834106445E+02    0.588017344474792480E+00    0.299915432929992676E+01    0.342384219169616699E+00    0.408830699920654261E+01    0.102139031291008031E+01    0.144391329586505890E+01    0.328229188919067383E+01   -0.345560088753700256E+00   -0.111379048905194797E+15   -0.598711395613835595E+01    1
    0.979247927665710449E+01    0.166991972923278809E+01    0.930722355842590332E+01    0.113943970203399658E+01    0.226859800219535801E+01    0.773172003030777155E+00   -0.283237230479717272E+01    0.120306760072708130E+01    0.192469581961631775E+00   -0.111379048905194797E+15   -0.599044728947169425E+01    1
    0.104485321044921875E+02    0.174135553836822510E+01    0.325268507003784180E-01    0.805880427360534668E+00    0.108676022231578813E+02   -0.132223235368728620E+01   -0.458764280378818512E+01    0.234595489501953125E+01   -0.293285846710205078E-01   -0.111379048905194797E+15   -0.599378062280503432E+01    1
    0.762074112892150879E+01    0.818391561508178711E+00    0.529947638511657715E+01    0.199948072433471680E+01    0.786017113626003194E+01    0.534511244297027233E+00   -0.648596885204315221E+01    0.221618103981018066E+01   -0.168398238718509674E+01   -0.111379048905194797E+15   -0.599711395613836995E+01    1
    0.952783823013305664E+01    0.859453439712524414E+00    0.704109072685241699E+01    0.144394302368164062E+01    0.469119711220264435E+01    0.495924878120422186E+00    0.293246462941169739E+00    0.924519121646881104E+00    0.306581884622573853E+00   -0.111379048905194797E+15   -0.600044728947169581E+01    1
    0.991301417350769043E+01    0.198833227157592773E+00    0.141259253025054932E+01    0.191556429862976074E+01    0.786143393218517250E+01   -0.208905895948410070E+01   -0.843139126896858215E+01    0.696903645992279053E+00    0.414549648761749268E+00   -0.111379048905194797E+15   -0.600378062280502434E+01    1
    0.122728013992309570E+02    0.192229330539703369E+01    0.358398973941802979E+01    0.528367400169372559E+00    0.468890308439731562E+01    0.207547111511230487E+01   -0.315491130948066711E+01    0.319965142011642456E+01   -0.329965189099311829E+00   -0.111379048905194797E+15   -0.600711395613837418E+01    1
    0.176880872249603271E+02    0.840459704399108887E+00    0.556407630443572998E+01    0.966064095497131348E+00    0.111244785338640213E+02    0.281247720718383842E+01    0.986671596765518188E+00    0.338532465696334839E+01   -0.464179843664169312E+00   -0.111379048905194797E+15   -0.601044728947169471E+01    1
    0.354089379310607910E+01    0.176478660106658936E+01    0.463189303874969482E+01    0.190268969535827637E+01    0.732203790843486768E+01    0.208153820037841797E+01   -0.975622014701366425E+01    0.229605400562286377E+01   -0.614055782556533813E+00   -0.111379048905194797E+15   -0.601378062280501702E+01    1
    0.587160348892211914E+01    0.704554438591003418E+00    0.102027058601379395E+01    0.125508654117584229E+01    0.101568287372589090E+02   -0.190658865571022051E+01   -0.857210960984231107E+00    0.517094790935516357E+00   -0.129397645592689514E+00   -0.111379048905194797E+15   -0.601711395613836331E+01    1
    0.141167449951171875E+02    0.102795422077178955E+01    0.809876680374145508E+01    0.163820695877075195E+01    0.512320067882537789E+01    0.189735042452812230E+01   -0.419378151595592552E+01    0.202751624584197998E+01   -0.130347000062465668E+01   -0.111379048905194797E+15   -0.602044728947169183E+01    1
    0.114244580268859863E+01    0.375684976577758789E+00    0.996215462684631348E+01    0.127926862239837646E+01    0.118331015616655328E+02   -0.402938973903656183E+00   -0.763393592834473722E+00    0.196709322929382324E+01   -0.121874022483825684E+01   -0.111379048905194797E+15   -0.602378062280501236E+01    1
    0.775424122810363770E+01    0.115772473812103271E+01    0.130458950996398926E+01    0.108848035335540771E+01    0.113609393864870079E+02    0.860748684406280162E+00   -0.733557036221027392E+01    0.622287452220916748E+00   -0.123051498830318451E+01   -0.111379048905194797E+15   -0.602711395613836221E+01    1
    0.115413963794708252E+02    0.617813110351562500E+00    0.924132585525512695E+01    0.150050497055053711E+01    0.941882795095443726E+01   -0.215163975954055786E+01   -0.728901176154613495E+01    0.177982765436172485E+01   -0.128015114367008209E+01   -0.111379048905194797E+15   -0.603044728947171205E+01    1
    0.123260498046875000E+01    0.151747202873229980E+01    0.203101158142089844E+01    0.164163553714752197E+01    0.384386259019374821E+01    0.697026789188388562E-01   -0.541594656407833153E+01    0.345001184940338135E+01   -0.139312216639518738E+01   -0.111379048905194797E+15   -0.603378062280504324E+01    1
    0.197826993465423584E+02    0.160603058338165283E+01    0.323741436004638672E+00    0.932570695877075195E-01    0.996352447569370270E+01   -0.632086598873138339E+00   -0.779726378321647662E+01    0.197609436511993408E+01   -0.272939011454582214E+00   -0.111379048905194797E+15   -0.603711395613836554E+01    1
    0.169794893264770508E+02    0.965646266937255859E+00    0.515059590339660645E+01    0.115029239654541016E+01    0.998086939454078603E+01   -0.227980965375900180E+00   -0.914639051556587290E+01    0.245384979248046875E+01   -0.817286893725395203E+00   -0.111379048905194797E+15   -0.604044728947168430E+01    1
    0.114021301269531250E+02    0.202944278717041016E+00    0.729485750198364258E+01    0.180846154689788818E+01    0.962736603915691447E+01    0.281043318510055595E+01   -0.912613981068134272E+01    0.290896862745285034E+01    0.107844412326812744E+00   -0.111379048905194797E+15   -0.604378062280502437E+01    1
    0.113509738445281982E+02    0.192729949951171875E+01    0.552142798900604248E+01    0.898181796073913574E+00    0.100932798445224741E+02    0.234006833434104955E+01   -0.461605618596076983E+01    0.206580889225006104E+01    0.753971934318542480E-02   -0.111379048905194797E+15   -0.604711395613836888E+01    1
    0.179001426696777344E+02    0.346483588218688965E+00    0.208189487457275391E+00    0.802417039871215820E+00    0.101960857897996888E+02   -0.365797011256217974E+01   -0.737510236501693761E+01    0.289361763000488281E+01   -0.898442357778549194E+00   -0.111379048905194797E+15   -0.605044728947169297E+01    1
    0.187181532382965088E+02    0.197349476814270020E+01    0.468905091285705566E+01    0.736842393875122070E+00    0.688837248384952527E+01   -0.297587747573852557E+01   -0.223094609975814873E+01    0.868708610534667969E+00   -0.513304367661476135E+00   -0.111379048905194797E+15   -0.605378062280501794E+01    1
    0.496558785438537598E+01    0.463546991348266602E+00    0.800908148288726807E+01    0.413014054298400879E+00    0.141527472972869859E+02    0.294694877266883903E+01   -0.404460638761534597E-01    0.316112720966339111E+01   -0.128150686621665955E+01   -0.111379048905194797E+15   -0.605711395613835712E+01    1
    0.487169623374938965E+01    0.143162965774536133E+00    0.186427831649780273E+00    0.285094261169433594E+00    0.148203549295663812E+02    0.179569096565246600E+01   -0.503508145511150396E+01    0.113447493314743042E+01   -0.122996875643730164E+01   -0.111379048905194797E+15   -0.606044728947170164E+01    1
    0.730526685714721680E+01    0.177210748195648193E+01    0.551240324974060059E+01    0.166143143177032471E+01    0.118428388297557809E+02    0.148627841472626088E+00   -0.201758610904216784E+01    0.175653499364852905E+01   -0.750721842050552368E+00   -0.111379048905194797E+15   -0.606378062280503460E+01    1
    0.387400031089782715E+01    0.898645877838134766E+00    0.653384506702423096E+01    0.885891795158386230E+00    0.147681611657142646E+02   -0.160651428699493426E+01   -0.316236812174320292E+01    0.312330287694931030E+01   -0.135486488044261932E+01   -0.111379048905194797E+15   -0.606711395613834981E+01    1
    0.527859687805175781E+01    0.529310464859008789E+00    0.772249162197113037E+01    0.215496301651000977E+00    0.796144026815891248E+01   -0.189030269384384164E+01   -0.390040853619575856E+00    0.122368735074996948E+01   -0.144639620184898376E+01   -0.111379048905194797E+15   -0.607044728947169254E+01    1
    0.185489428043365479E+02    0.116912460327148438E+01    0.582742273807525635E+01    0.145756471157073975E+01    0.563175005614757485E+01    0.263687021136283928E+01   -0.654292809963226318E+01    0.193811267614364624E+01   -0.134019574522972107E+01   -0.111379048905194797E+15   -0.607378062280503173E+01    1
    0.309234142303466797E+01    0.167137908935546875E+01    0.282513499259948730E+00    0.667014956474304199E+00    0.215156630575656882E+01   -0.179534409046173105E+01   -0.473146974742412585E+01    0.312462073564529419E+01    0.175069957971572876E+00   -0.111379048905194797E+15   -0.607711395613835847E+01    1
    0.109649419784545898E+02    0.129446768760681152E+01    0.195448219776153564E+01    0.104266250133514404E+01    0.830178306698799062E+01    0.185508399605751073E+01   -0.647706612050533259E+01    0.228415983915328979E+01    0.274506419897079468E+00   -0.111379048905194797E+15   -0.608044728947169943E+01    1
    0.232389807701110840E+01    0.131931984424591064E+01    0.836696088314056396E+01    0.807047247886657715E+00    0.899717066586017467E+01    0.989992159605026067E+00   -0.797538750469684565E+01    0.257419407367706299E+01   -0.117112927138805389E+01   -0.111379048905194797E+15   -0.608378062280502796E+01    1
    0.182080042362213135E+02    0.586996436119079590E+00    0.925649940967559814E+01    0.996042370796203613E+00    0.130629165917634964E+02    0.163777894973754901E+01   -0.107993238866329300E+01    0.170785468816757202E+01   -0.167684516310691833E+01   -0.111379048905194797E+15   -0.608711395613835293E+01    1
    0.195893049240112305E+00    0.380667686462402344E+00    0.981596648693084717E+01    0.177767395973205566E+01    0.463806242644786781E+01   -0.302550526261329678E+01   -0.863598029911518061E+01    0.255456960201263428E+01   -0.967952474951744080E+00   -0.111379048905194797E+15   -0.609044728947168057E+01    1
    0.166909337043762207E+01    0.592502236366271973E+00    0.982497572898864746E+01    0.133590984344482422E+01    0.142916702866554246E+02    0.186700348258018511E+01   -0.733133944571018237E+01    0.270180749893188477E+01    0.390119820833206177E+00   -0.111379048905194797E+15   -0.609378062280500910E+01    1
    0.485315442085266113E+01    0.168562424182891846E+01    0.814014434814453125E+01    0.194231319427490234E+01    0.483755099177360481E+01   -0.164690613746643066E+01   -0.401574113070964867E+01    0.159315967559814453E+01    0.174758553504943848E+00   -0.111379048905194797E+15   -0.609711395613834028E+01    1
    0.717626571655273438E+01    0.280692338943481445E+00    0.538944900035858154E+01    0.130409777164459229E+01    0.474598207771778036E+01   -0.179990879893302935E+01   -0.803402202427387202E+01    0.190927392244338989E+01    0.409380361437797546E+00   -0.111379048905194797E+15   -0.610044728947168124E+01    1
    0.856800556182861328E+01    0.178133511543273926E+01    0.896271169185638428E+01    0.824546694755554199E+00    0.146964619904756546E+02   -0.369379585981369107E+00    0.113893686830997432E+01    0.336718612909317017E+01   -0.818424150347709656E+00   -0.111379048905194797E+15   -0.610378062280502842E+01    1
    0.159539341926574707E+01    0.166998147964477539E+00    0.728943407535552979E+01    0.221495151519775391E+00    0.868877753019332744E+01    0.203648581504821813E+01   -0.346364119648933766E+00    0.341750812530517578E+01   -0.203385844826698303E+00   -0.111379048905194797E+15   -0.610711395613835251E+01    1
    0.153154933452606201E+02    0.162224304676055908E+01    0.663424968719482422E+01    0.118046247959136963E+01    0.343231307566165889E+01    0.173819760084152275E+01   -0.323627596497535741E+01    0.267888677120208740E+01   -0.873871311545372009E+00   -0.111379048905194797E+15   -0.611044728947167926E+01    1
    0.113920855522155762E+02    0.182198560237884521E+01    0.272109925746917725E+01    0.185070061683654785E+01    0.144324666291475303E+02   -0.839952540397644221E+00   -0.707922312021255529E+01    0.118349498510360718E+01   -0.114820429682731628E+01   -0.111379048905194797E+15   -0.611378062280503265E+01    1
    0.436663389205932617E+01    0.121820938587188721E+01    0.656585633754730225E+01    0.611723065376281738E+00    0.102915773987770081E+02    0.135515320897102409E+01   -0.497598016262054799E+00    0.182030522823333740E+01    0.151639252901077271E+00   -0.111379048905194797E+15   -0.611711395613836562E+01    1
    0.199492514133453369E+02    0.110017454624176025E+01    0.939271271228790283E+01    0.804063677787780762E+00    0.606067150533199239E+01   -0.247408815026283246E+01   -0.428714302778244072E+01    0.200889527797698975E+01   -0.646416500210762024E+00   -0.111379048905194797E+15   -0.612044728947168171E+01    1
    0.123471856117248535E+01    0.187122404575347900E+01    0.625189960002899170E+01    0.997125148773193359E+00    0.141656539052724817E+02   -0.345684738755226162E+01    0.138211840987205470E+01    0.208860248327255249E+01   -0.734959036111831665E+00   -0.111379048905194797E+15   -0.612378062280501911E+01    1
    0.831319808959960938E+01    0.273270606994628906E+00    0.532453477382659912E+01    0.107711255550384521E+01    0.492416134774684888E+01   -0.127897912263870150E+00   -0.316117434799671226E+01    0.333479756116867065E+01   -0.499763637781143188E-01   -0.111379048905194797E+15   -0.612711395613837251E+01    1
    0.113038790225982666E+02    0.132544636726379395E+00    0.904923200607299805E+01    0.134678363800048828E+00    0.502235453724861092E+01   -0.129377849698066694E+01   -0.883387180268764460E+01    0.151553118228912354E+01    0.367847830057144165E-01   -0.111379048905194797E+15   -0.613044728947170903E+01    1
    0.122828090190887451E+02    0.141751885414123535E+00    0.733715534210205078E+01    0.140700662136077881E+01    0.124419073641300209E+02   -0.158753161430358913E+01   -0.637906555831432343E+01    0.260205489397048950E+01   -0.649282038211822510E+00   -0.111379048905194797E+15   -0.613378062280503933E+01    1
    0.100003528594970703E+02    0.333854556083679199E+00    0.597158312797546387E+01    0.238787055015563965E+00    0.540264985263347608E+01   -0.138823000192642221E+01    0.145661031901836324E+01    0.315181994438171387E+01   -0.831566035747528076E+00   -0.111379048905194797E+15   -0.613711395613836164E+01    1
    0.756984949111938477E+00    0.321402549743652344E-01    0.188360154628753662E+01    0.150922381877899170E+01    0.370807883739471400E+01   -0.132536501288414010E+01    0.156409767866134608E+01    0.286173135042190552E+01    0.115374714136123657E+00   -0.111379048905194797E+15   -0.614044728947168661E+01    1
    0.112887978553771973E+01    0.181337094306945801E+01    0.756690323352813721E+01    0.107693672180175781E+01    0.305581309497356379E+01    0.200494001507759112E+01   -0.357449263334274292E+00    0.184440755844116211E+01    0.237986266613006592E+00   -0.111379048905194797E+15   -0.614378062280503645E+01    1
    0.960833311080932617E+01    0.152220487594604492E+01    0.986097455024719238E+01    0.918847084045410156E+00    0.107404974907636621E+02   -0.257226824760437012E+01   -0.975327702462673152E+01    0.289901602268218994E+01   -0.121715906262397766E+01   -0.111379048905194797E+15   -0.614711395613836586E+01    1
    0.284996986389160156E+01    0.492418766021728516E+00    0.639286100864410400E+01    0.186530649662017822E+01    0.117129676789045334E+02    0.202246308326721191E+01   -0.136511396765708959E+01    0.294517236948013306E+01    0.519396662712097168E-01   -0.111379048905194797E+15   -0.615044728947169439E+01    1
    0.294098496437072754E+01    0.195207679271697998E+01    0.575195372104644775E+01    0.131077694892883301E+01    0.453191192448139191E+01    0.950473028421401800E+00   -0.646064247190952301E+01    0.235513573884963989E+01   -0.357697218656539917E+00   -0.111379048905194797E+15   -0.615378062280502824E+01    1
    0.144128763675689697E+02    0.669584155082702637E+00    0.996070444583892822E+01    0.885660886764526367E+00    0.979824872612953257E+01   -0.164544324278831500E+01   -0.297332664132118296E+01    0.338476693630218506E+01   -0.148635923862457275E+01   -0.111379048905194797E+15   -0.615711395613837009E+01    1
    0.131374073028564453E+02    0.802356958389282227E+00    0.467977464199066162E+01    0.104263591766357422E+01    0.973554735779762126E+01   -0.246475926637649545E+01   -0.165035395324230194E+01    0.318716609477996826E+01   -0.100281918048858643E+01   -0.111379048905194797E+15   -0.616044728947169418E+01    1
    0.151034510135650635E+02    0.140296339988708496E+00    0.833956599235534668E+00    0.180512654781341553E+01    0.848421771228313304E+01    0.168714886903762817E+01   -0.682394714057445562E+01    0.206060361862182617E+01    0.451228186488151550E+00   -0.111379048905194797E+15   -0.616378062280500760E+01    1
    0.190014946460723877E+02    0.138405835628509521E+01    0.130836904048919678E+01    0.107834231853485107E+01    0.100194826990365975E+02    0.229529767036437971E+01    0.155425901710987091E+01    0.106291037797927856E+01   -0.560812324285507202E+00   -0.111379048905194797E+15   -0.616711395613835833E+01    1
    0.984647870063781738E+01    0.100867307186126709E+01    0.570157587528228760E+01    0.155778133869171143E+01    0.962309908568859029E+01   -0.349028668403625497E+01   -0.435373395681395436E-01    0.322140038013458252E+01   -0.714549034833908081E+00   -0.111379048905194797E+15   -0.617044728947168775E+01    1
    0.869482278823852539E+01    0.197945702075958252E+01    0.575143456459045410E+01    0.265576481819152832E+00    0.392910208702087349E+01   -0.107726062536239642E+01   -0.413865993916988373E+01    0.104210823774337769E+01   -0.137734246253967285E+01   -0.111379048905194797E+15   -0.617378062280502338E+01    1
    0.136633098125457764E+02    0.165240025520324707E+01    0.441388666629791260E+01    0.217176437377929688E+00    0.113241809099912629E+02   -0.135799163579940796E+01   -0.742214673757553101E+01    0.216319096088409424E+01   -0.143532967567443848E+01   -0.111379048905194797E+15   -0.617711395613836611E+01    1
    0.175947153568267822E+02    0.399163961410522461E-01    0.593595027923583984E+01    0.109280824661254883E+00    0.124524304062128053E+02    0.632329422235488714E+00   -0.214747714996338601E+00    0.896173357963562012E+00   -0.116432558000087738E+01   -0.111379048905194797E+15   -0.618044728947169730E+01    1
    0.121416211128234863E+01    0.589403152465820312E+00    0.170974373817443848E+01    0.544993758201599121E+00    0.914277659356594086E+01   -0.133598940372467023E+01   -0.741497626006603205E+01    0.251171237230300903E+01   -0.130509568750858307E+01   -0.111379048905194797E+15   -0.618378062280502228E+01    1
    0.746279954910278320E+01    0.143979978561401367E+01    0.566383898258209229E+01    0.266042113304138184E+00    0.689416853189468348E+01   -0.375133914947509783E+01   -0.221706646680832620E+00    0.154092884063720703E+01   -0.164151403307914734E+01   -0.111379048905194797E+15   -0.618711395613833925E+01    1
    0.117321860790252686E+02    0.295231461524963379E+00    0.548118352890014648E+00    0.113180792331695557E+01    0.944150115847587657E+01    0.183273752927780187E+01    0.128760586082935191E+01    0.257508295774459839E+01   -0.158764562010765076E+01   -0.111379048905194797E+15   -0.619044728947167666E+01    1
    0.369707822799682617E+01    0.183265650272369385E+01    0.440442562103271484E+01    0.476170778274536133E+00    0.684524368047714216E+01   -0.570604306459427058E+00   -0.832592392265796732E+01    0.308319991827011108E+01   -0.144794423878192902E+01   -0.111379048905194797E+15   -0.619378062280501140E+01    1
    0.606725215911865234E+01    0.117896020412445068E+01    0.202656328678131104E+01    0.673117280006408691E+00    0.596181990206241608E+01   -0.289865456819534284E+01   -0.846328340470790863E+01    0.347247105836868286E+01   -0.117563109099864960E+01   -0.111379048905194797E+15   -0.619711395613833993E+01    1
    0.176366150379180908E+02    0.102227556705474854E+01    0.142208337783813477E+01    0.160836589336395264E+01    0.875434720516204834E+01   -0.394740117192268380E+01   -0.391511939465999603E+01    0.758043169975280762E+00    0.161338791251182556E+00   -0.111379048905194797E+15   -0.620044728947167734E+01    1
    0.188136792182922363E+02    0.132801926136016846E+01    0.916597187519073486E+01    0.152921080589294434E+00    0.786372178494930196E+01   -0.338914789557456997E+01   -0.134291518926620590E+01    0.278674161434173584E+01   -0.123299482464790344E+01   -0.111379048905194797E+15   -0.620378062280502274E+01    1
    0.141486978530883789E+02    0.740365505218505859E+00    0.708083510398864746E+00    0.127996754646301270E+01    0.125941545486450188E+02    0.720865190029144287E+00   -0.784901914596557582E+01    0.285686868429183960E+01    0.248406916856765747E+00   -0.111379048905194797E+15   -0.620711395613836192E+01    1
    0.606108546257019043E+01    0.833031415939331055E+00    0.633368790149688721E+01    0.190776538848876953E+01    0.467239565551280922E+01   -0.141091659069061270E+01   -0.703204982578754390E+01    0.320471793413162231E+01   -0.530993938446044922E-01   -0.111379048905194797E+15   -0.621044728947169311E+01    1
    0.939745426177978516E+01    0.139150190353393555E+01    0.510929226875305176E+00    0.143969094753265381E+01    0.746121870577335322E+01   -0.333056038618087857E+00   -0.179086169302463638E+01    0.346058690547943115E+01   -0.473185360431671143E+00   -0.111379048905194797E+15   -0.621378062280502430E+01    1
    0.657113432884216309E+01    0.149485349655151367E+01    0.547478735446929932E+01    0.174751281738281250E+01    0.476421465873718208E+01    0.160266536474227905E+01   -0.814868555963039398E+01    0.208728390932083130E+01   -0.156923386454582214E+01   -0.111379048905194797E+15   -0.621711395613835460E+01    1
    0.563895821571350098E+01    0.605747699737548828E+00    0.233518481254577637E+00    0.974377751350402832E+00    0.561505120098590815E+01   -0.216285103559494019E+01   -0.491677249372005498E+01    0.535113692283630371E+00   -0.269827246665954590E-02   -0.111379048905194797E+15   -0.622044728947170089E+01    1
    0.500279545783996582E+01    0.833955049514770508E+00    0.744361639022827148E+01    0.324415206909179688E+00    0.394457519650459254E+01   -0.125511111021041888E+01   -0.333270880877971720E+01    0.997287631034851074E+00   -0.806748896837234497E+00   -0.111379048905194797E+15   -0.622378062280504807E+01    1
    0.126608824729919434E+02    0.108985567092895508E+01    0.322595238685607910E+00    0.719187378883361816E+00    0.695192909538745862E+01   -0.253388011455535889E+01   -0.576912623643875122E+01    0.114171940088272095E+01   -0.140745052695274353E+01   -0.111379048905194797E+15   -0.622711395613835705E+01    1
    0.875243544578552246E+01    0.197318005561828613E+01    0.288397073745727539E+00    0.127108466625213623E+01    0.717748559713363576E+01    0.238406004905700719E+01   -0.660461471974849701E+01    0.845084428787231445E+00   -0.161011327803134918E+01   -0.111379048905194797E+15   -0.623044728947168291E+01    1
    0.122790491580963135E+02    0.902845859527587891E+00    0.855218708515167236E+01    0.751248836517333984E+00    0.120312100052833557E+02   -0.225427763462066633E+01   -0.950838863849639893E+00    0.816834509372711182E+00   -0.554622456431388855E+00   -0.111379048905194797E+15   -0.623378062280501855E+01    1
    0.381770014762878418E+01    0.126252841949462891E+01    0.902681171894073486E+01    0.146535706520080566E+01    0.960868962705135310E+01   -0.253377014398574740E+00   -0.257050492763519323E+01    0.517961502075195312E+00    0.868714153766632080E-01   -0.111379048905194797E+15   -0.623711395613835862E+01    1
    0.506946682929992676E+01    0.127501976490020752E+01    0.180607795715332031E+01    0.395414948463439941E+00    0.107309879273176172E+02    0.147797755002975517E+01    0.110998999178409541E+01    0.217468672990798950E+01   -0.145483778417110443E+01   -0.111379048905194797E+15   -0.624044728947171290E+01    1
    0.165080690383911133E+02    0.115072154998779297E+01    0.837684512138366699E+01    0.146542775630950928E+01    0.147955914705991738E+02    0.135222412943840009E+01   -0.683389193117618632E+01    0.343118023872375488E+01   -0.280375570058822632E+00   -0.111379048905194797E+15   -0.624378062280503698E+01    1
    0.920848727226257324E+01    0.961145281791687012E+00    0.515368342399597168E+01    0.101489424705505371E+00    0.534578852951526606E+01    0.810249000787734985E+00   -0.444639216065406817E+01    0.936891615390777588E+00   -0.506575375795364380E+00   -0.111379048905194797E+15   -0.624711395613835663E+01    1
    0.424587845802307129E+01    0.106319701671600342E+01    0.472290515899658203E+00    0.181624877452850342E+01    0.119880580455064774E+02    0.203138398528099096E+01   -0.191211876273155212E+01    0.313846164941787720E+01   -0.157555288076400757E+01   -0.111379048905194797E+15   -0.625044728947170114E+01    1
    0.372955083847045898E+01    0.112144184112548828E+01    0.479318916797637939E+01    0.177775883674621582E+01    0.349569061100482914E+01   -0.307790543437004116E+01   -0.930570517778396677E+01    0.278032094240188599E+01   -0.168856628239154816E+01   -0.111379048905194797E+15   -0.625378062280503766E+01    1
    0.910222887992858887E+01    0.430647134780883789E+00    0.817166805267333984E+01    0.103135526180267334E+01    0.588030935823917389E+01   -0.157965189218521207E+00   -0.358238487839698827E+01    0.280768877267837524E+01   -0.188027381896972656E+00   -0.111379048905194797E+15   -0.625711395613837151E+01    1
    0.447845458984375000E+00    0.895605206489562988E+00    0.415062546730041504E+01    0.156217110157012939E+01    0.931569550037383998E+01    0.832565033435821888E+00   -0.237849040925502830E+01    0.949782669544219971E+00    0.386870190501213074E+00   -0.111379048905194797E+15   -0.626044728947171336E+01    1
    0.141118311882019043E+02    0.574039340019226074E+00    0.545392215251922607E+01    0.167847549915313721E+01    0.136651629567146280E+02    0.313442236185073497E+00   -0.553326973617076856E+01    0.347163742780685425E+01    0.496029257774353027E+00   -0.111379048905194797E+15   -0.626378062280504189E+01    1
    0.127321016788482666E+02    0.375157594680786133E+00    0.805404782295227051E+01    0.303835988044738770E+00    0.994213027358055079E+01    0.698815250396728871E+00   -0.783824241757392848E+01    0.312052553892135620E+01   -0.132702381908893585E+01   -0.111379048905194797E+15   -0.626711395613835620E+01    1
    0.215397596359252930E+01    0.610034465789794922E+00    0.513066411018371582E+01    0.268306732177734375E+00    0.581357414424419350E+01   -0.313011148571968079E+01   -0.610204594433307612E+01    0.216998589038848877E+01    0.409597218036651611E+00   -0.111379048905194797E+15   -0.627044728947167140E+01    1
    0.694881677627563477E+00    0.824341654777526855E+00    0.859090805053710938E+01    0.637852430343627930E+00    0.778857153356075216E+01    0.193904806375503558E+01   -0.491767850816249918E+01    0.327422899007797241E+01    0.344911187887191772E+00   -0.111379048905194797E+15   -0.627378062280501947E+01    1
    0.170774877071380615E+02    0.141530430316925049E+01    0.661293268203735352E+01    0.946823954582214355E+00    0.126089792788028703E+02   -0.645345187187194913E+00   -0.789101490974426234E+01    0.234375119209289551E+01   -0.936473935842514038E+00   -0.111379048905194797E+15   -0.627711395613835510E+01    1
    0.181213617324829102E+02    0.662224411964416504E+00    0.447665393352508545E+01    0.731156826019287109E+00    0.839076309502124751E+01   -0.380884444117546117E+01   -0.433589757382869756E+01    0.289025861024856567E+01    0.428381934762001038E+00   -0.111379048905194797E+15   -0.628044728947167741E+01    1
    0.167701601982116699E+01    0.191477656364440918E+00    0.300732076168060303E+01    0.188809275627136230E+00    0.774642764925956673E+01   -0.219524570107460004E+01   -0.786562300026416850E+01    0.286861872673034668E+01   -0.410937592387199402E+00   -0.111379048905194797E+15   -0.628378062280502636E+01    1
    0.165620458126068115E+02    0.189832186698913574E+01    0.913503825664520264E+01    0.886119127273559570E+00    0.119999820500612238E+02    0.124644824862480164E+01   -0.289154601693153435E+01    0.133364093303680420E+01   -0.118345536291599274E+01   -0.111379048905194797E+15   -0.628711395613837443E+01    1
    0.289772868156433105E+01    0.774242401123046875E+00    0.690311789512634277E+01    0.564559578895568848E+00    0.259746680259704554E+01    0.206615827083587700E+01   -0.468715552687644976E+01    0.270519655942916870E+01   -0.614850923418998718E+00   -0.111379048905194797E+15   -0.629044728947171272E+01    1
    0.150534629821777344E+02    0.193296658992767334E+01    0.394289553165435791E+01    0.803692340850830078E+00    0.521949658691883034E+01   -0.125382465124130249E+01   -0.638919340372085642E+01    0.225961494445800781E+01    0.131391793489456177E+00   -0.111379048905194797E+15   -0.629378062280503148E+01    1
    0.829351902008056641E+01    0.897290825843811035E+00    0.967782258987426758E+01    0.131687223911285400E+01    0.128433066546916947E+02    0.195265828967094457E+01   -0.403126018941402453E+01    0.863386392593383789E+00   -0.306419149041175842E+00   -0.111379048905194797E+15   -0.629711395613835290E+01    1
    0.186727285385131836E+01    0.196530079841613770E+01    0.638516247272491455E+01    0.105704903602600098E+01    0.492816123068332601E+01   -0.143607780337333679E+01   -0.580168221294879949E+01    0.345292347669601440E+01   -0.633221641182899475E+00   -0.111379048905194797E+15   -0.630044728947168586E+01    1
    0.173316955566406250E+02    0.408978581428527832E+00    0.715339004993438721E+01    0.226261734962463379E+00    0.783967849016189522E+01   -0.178838084340095538E+01   -0.914480855166912043E+01    0.252831935882568359E+01    0.331556066870689392E+00   -0.111379048905194797E+15   -0.630378062280502860E+01    1
    0.577135682106018066E+01    0.701501011848449707E+00    0.660065889358520508E+01    0.125970733165740967E+01    0.543861020505428261E+01    0.216392725706100464E+00    0.112919650077819789E+01    0.261163020133972168E+01   -0.999147638678550720E+00   -0.111379048905194797E+15   -0.630711395613838466E+01    1
    0.176810252666473389E+02    0.216819047927856445E+00    0.605034828186035156E+00    0.124451887607574463E+01    0.406974405348300916E+01    0.125277608036994970E+01   -0.360927304625512591E+00    0.986986696720123291E+00   -0.169382126629352570E+01   -0.111379048905194797E+15   -0.631044728947171318E+01    1
    0.991892814636230469E+01    0.191406810283660889E+01    0.347914099693298340E+01    0.252360820770263672E+00    0.267168462276458740E+01   -0.812930732965469360E+00   -0.116006386280060880E+00    0.243470168113708496E+01   -0.138132259249687195E+01   -0.111379048905194797E+15   -0.631378062280503194E+01    1
    0.134701728820800781E+01    0.582620978355407715E+00    0.239480614662170410E+01    0.194202947616577148E+01    0.851261981427669490E+01   -0.247509165406227094E+01    0.154835852682590414E+01    0.707368373870849609E+00   -0.558809787034988403E-01   -0.111379048905194797E+15   -0.631711395613834714E+01    1
    0.166763710975646973E+02    0.645040273666381836E+00    0.676959395408630371E+01    0.105764269828796387E+00    0.257001642882823944E+01    0.147762673497200048E+01   -0.960147401988506388E+01    0.171156150102615356E+01   -0.768545120954513550E+00   -0.111379048905194797E+15   -0.632044728947169521E+01    1
    0.129093515872955322E+02    0.672444701194763184E+00    0.454450547695159912E+01    0.953496932983398438E+00    0.134401706993579850E+02   -0.239139244556427011E+01   -0.357614249587059074E+01    0.159444499015808105E+01   -0.113444510102272034E+01   -0.111379048905194797E+15   -0.632378062280504061E+01    1
    0.665242195129394531E+01    0.257251381874084473E+00    0.636485934257507324E+01    0.135042142868041992E+01    0.933920388221740794E+01   -0.688167244195938110E+00    0.269341072440147045E+00    0.259073150157928467E+01    0.167054042220115662E+00   -0.111379048905194797E+15   -0.632711395613835670E+01    1
    0.766293644905090332E+01    0.989189147949218750E+00    0.860237061977386475E+01    0.188857841491699219E+01    0.610596774816513044E+01    0.113109507560730016E+01   -0.442161209583282488E+01    0.120423007011413574E+01   -0.118959400057792664E+01   -0.111379048905194797E+15   -0.633044728947167812E+01    1
    0.118630373477935791E+02    0.156282937526702881E+01    0.249257683753967285E+01    0.171943747997283936E+01    0.736474217772483808E+01   -0.380004774332046535E+01   -0.871854228973388601E+01    0.319467467069625854E+01    0.142165824770927429E+00   -0.111379048905194797E+15   -0.633378062280503062E+01    1
    0.851092815399169922E+01    0.110090982913970947E+01    0.936530172824859619E+01    0.132538199424743652E+00    0.626592910289764404E+01    0.237172682285308856E+01   -0.694239072203636187E+01    0.187801688909530640E+01   -0.138455009460449219E+01   -0.111379048905194797E+15   -0.633711395613839290E+01    1
    0.428261995315551758E+01    0.801946401596069336E+00    0.796038389205932617E+01    0.464036107063293457E+00    0.511954968571662850E+01    0.266011119484901482E+01   -0.584144997894763929E+01    0.889681875705718994E+00    0.185415774583816528E+00   -0.111379048905194797E+15   -0.634044728947172054E+01    1
    0.741755008697509766E+01    0.468432188034057617E+00    0.545459628105163574E+01    0.151794278621673584E+01    0.748321420252323133E+01    0.171020807027816790E+01   -0.850786187946796346E+01    0.192953479290008545E+01   -0.166379782557487488E+01   -0.111379048905194797E+15   -0.634378062280503752E+01    1
    0.121264970302581787E+02    0.198198699951171875E+01    0.869826614856719971E+01    0.996931552886962891E+00    0.110097007274627678E+02    0.279574624896049517E+01   -0.862291075587272715E+01    0.227356117963790894E+01   -0.572799384593963623E+00   -0.111379048905194797E+15   -0.634711395613836871E+01    1
    0.488172769546508789E+00    0.128507006168365479E+01    0.790876924991607666E+01    0.345236063003540039E-01    0.317474901974201185E+01    0.166867658495903015E+01    0.268917980790137179E+00    0.127928936481475830E+01    0.493358179926872253E+00   -0.111379048905194797E+15   -0.635044728947170878E+01    1
    0.646647810935974121E+01    0.166343569755554199E+00    0.557638585567474365E+01    0.176260876655578613E+01    0.149414266467094414E+02   -0.136962734460830715E+01   -0.386388328075408971E+01    0.117935079336166382E+01   -0.109642304480075836E+01   -0.111379048905194797E+15   -0.635378062280502043E+01    1
    0.115592038631439209E+02    0.134027695655822754E+01    0.617942035198211670E+01    0.210381984710693359E+00    0.325527773201465553E+01    0.188343997001647967E+01    0.153396913707256211E+01    0.975174248218536377E+00   -0.167073388397693634E+01   -0.111379048905194797E+15   -0.635711395613836228E+01    1
    0.144228744506835938E+02    0.720445871353149414E+00    0.787033438682556152E+00    0.147956013679504395E+01    0.939898136854171717E+01   -0.899248099327087491E+00   -0.185573147237300873E+01    0.147418600320816040E+01   -0.417274713516235352E+00   -0.111379048905194797E+15   -0.636044728947170235E+01    1
    0.122593772411346436E+02    0.101159250736236572E+01    0.621551156044006348E+01    0.900112390518188477E-01    0.130614878416061408E+02    0.876271486282345080E-01   -0.299420842230319995E+01    0.150034648180007935E+01    0.297600910067558289E+00   -0.111379048905194797E+15   -0.636378062280501489E+01    1
    0.130916106700897217E+02    0.324458956718444824E+00    0.676074445247650146E+01    0.195593154430389404E+01    0.137812545031309135E+02   -0.686485552787780673E+00   -0.103226833641529225E+01    0.300478160381317139E+01    0.814977437257766724E-01   -0.111379048905194797E+15   -0.636711395613835140E+01    1
