

    0.333333333333333572E-02    0.222758097810389594E+15    0.843340635299682617E+01    0.197438895702362061E+01    0.339793920516967773E+01    0.728337407112121582E+01    0.121514673888683298E+02   -0.882393598556516778E-01   -0.828942122757434774E+01    0.240957510471343994E+01    0.185627937316894531E+00
    0.333333333333333572E-02    0.222758097810389594E+15    0.121952867507934570E+02    0.106737852096557617E+00    0.475114285945892334E+01    0.136058926582336426E+01    0.809014742374420237E+01    0.684803783893581652E-01   -0.110064464807510376E+01    0.272954618930816650E+01    0.431193828582763672E+00
    0.333333333333333572E-02    0.222758097810389594E+15    0.795387744903564453E+01    0.515963912010192871E+00    0.909166336059570312E+01    0.479084253311157227E+01    0.502185590267181325E+01    0.227002171277999931E+01   -0.772902137935161626E+01    0.154024809598922729E+01   -0.166760897636413574E+01
    0.333333333333333572E-02    0.222758097810389594E+15    0.183931589126586914E+01    0.167146027088165283E+01    0.760958671569824219E+01    0.628974795341491699E+01    0.105768982648849494E+02    0.100776749849319280E+00   -0.935707591176032949E+01    0.139897096157073975E+01   -0.913195177912712097E+00
    0.333333333333333572E-02    0.222758097810389594E+15    0.134403336048126221E+02    0.140722858905792236E+01    0.404301762580871582E+01    0.267991960048675537E+01    0.102423476547002785E+02    0.187374669909477287E+01   -0.703201706111431157E+01    0.859831571578979492E+00   -0.398964345455169678E+00
    0.333333333333333572E-02    0.222758097810389594E+15    0.108556306362152100E+02    0.754151225090026855E+00    0.220984578132629395E+01    0.137291848659515381E+01    0.284556683599948856E+01    0.187450714111328143E+01   -0.855898901522159505E+01    0.236660540103912354E+01   -0.897563800215721130E+00
    0.333333333333333572E-02    0.222758097810389594E+15    0.396516561508178711E+01    0.206776499748229980E+00    0.897130131721496582E+01    0.597489595413208008E+01    0.633901611864566750E+01    0.245423046350479179E+01   -0.798434466123580933E-01    0.218938416242599487E+01   -0.155464868247509003E+01
    0.333333333333333572E-02    0.222758097810389594E+15    0.804047822952270508E+01    0.162225735187530518E+01    0.313944280147552490E+01    0.820955455303192139E+01    0.141951891273260102E+02   -0.264861062169075012E+01   -0.705956360399723071E+01    0.122816520929336548E+01   -0.147395402193069458E+01
    0.333333333333333572E-02    0.222758097810389594E+15    0.111571013927459717E+02    0.114248764514923096E+01    0.674752235412597656E+01    0.420942187309265137E+01    0.964316488206386424E+01    0.266700123548507673E+01   -0.921180661022663116E+01    0.587824642658233643E+00    0.177064716815948486E+00
    0.333333333333333572E-02    0.222758097810389594E+15    0.529747366905212402E+01    0.115982913970947266E+01    0.916867554187774658E+01    0.914362311363220215E+01    0.612639478445053065E+01   -0.328346825242042550E+01   -0.695784567594528269E+01    0.286205357313156128E+01    0.103200033307075500E+00
    0.333333333333333572E-02    0.222758097810389594E+15    0.858683943748474121E+01    0.128399050235748291E+01    0.570045590400695801E+01    0.268017530441284180E+01    0.368133704960346186E+01   -0.320681577920913696E+01    0.493708568811415560E+00    0.133362215757369995E+01   -0.102304196357727051E+01
    0.333333333333333572E-02    0.222758097810389594E+15    0.488562464714050293E+01    0.565649271011352539E-01    0.838356137275695801E+01    0.990364611148834229E+01    0.108010993450880051E+02   -0.315717812180519131E+01   -0.915908326506614756E+01    0.813618361949920654E+00    0.253770530223846436E+00
    0.333333333333333572E-02    0.222758097810389594E+15    0.992503762245178223E+01    0.125801587104797363E+01    0.608049929141998291E+01    0.398475229740142822E+01    0.403344330191612244E+01   -0.209872261881828326E+01   -0.984106925427913737E+01    0.205463856458663940E+01   -0.514282435178756714E-01
    0.333333333333333572E-02    0.222758097810389594E+15    0.125567543506622314E+02    0.989773392677307129E+00    0.946743845939636230E+01    0.243647694587707520E+00    0.105970752120018012E+02    0.111849740147590637E+01   -0.681607720851898158E+01    0.230534178018569946E+01   -0.691017746925354004E+00
    0.333333333333333572E-02    0.222758097810389594E+15    0.434297323226928711E+00    0.142844188213348389E+01    0.550575733184814453E+01    0.582874476909637451E+01    0.126911891460418680E+02   -0.323628013134002712E+01   -0.308169508576393181E+01    0.343939584493637085E+01   -0.126477538049221039E+01
    0.333333333333333572E-02    0.222758097810389594E+15    0.889557600021362305E+00    0.643366694450378418E+00    0.456500351428985596E+01    0.922534644603729248E+01    0.792588438093662173E+01   -0.150112788081169146E+01    0.162704930007457627E+01    0.178923898935317993E+01   -0.264733731746673584E+00
    0.333333333333333572E-02    0.222758097810389594E+15    0.879951715469360352E+01    0.195317995548248291E+01    0.986119389533996582E+01    0.806340396404266357E+01    0.111075087487697601E+02    0.156421430706977826E+01   -0.368603378534317017E+01    0.166628921031951904E+01    0.366942986845970154E+00
    0.333333333333333572E-02    0.222758097810389594E+15    0.190407752990722656E+02    0.113017511367797852E+01    0.839452028274536133E+01    0.915772616863250732E+01    0.720186929106712270E+01   -0.105858665704727350E+00   -0.429611086845405055E-01    0.206615489721298218E+01    0.143537908792495728E+00
    0.333333333333333572E-02    0.222758097810389594E+15    0.742902517318725586E+01    0.423279762268066406E+00    0.184012055397033691E+01    0.572647392749786377E+01    0.980627473592758037E+01   -0.364414438009262120E+01    0.151541008651256526E+01    0.304966211318969727E+01   -0.802968457341194153E+00
    0.333333333333333572E-02    0.222758097810389594E+15    0.266637802124023438E+00    0.194553387165069580E+01    0.631428956985473633E+01    0.720776736736297607E+01    0.548650536835193581E+01   -0.865330904722213745E+00   -0.244743369221687335E+01    0.117816257476806641E+01   -0.658629134297370911E+00
    0.333333333333333572E-02    0.222758097810389594E+15    0.119279503822326660E+01    0.189563918113708496E+01    0.958063125610351562E+01    0.961909890174865723E+01    0.111952846437692628E+02    0.138779587149620109E+01   -0.796078372001647949E+01    0.309473985433578491E+01   -0.845609411597251892E+00
    0.333333333333333572E-02    0.222758097810389594E+15    0.174278259277343750E+01    0.217794060707092285E+00    0.951030135154724121E+01    0.318538904190063477E+01    0.415793985128402710E+01   -0.243800272941589391E+01    0.338480943441389570E+00    0.316144782304763794E+01    0.428196594119071960E+00
    0.333333333333333572E-02    0.222758097810389594E+15    0.729275941848754883E+01    0.107322669029235840E+01    0.378832817077636719E+01    0.241780281066894531E+00    0.822919854521751404E+01   -0.124178795218467730E+01   -0.767777315676212346E+01    0.279326957464218140E+01   -0.141729262471199036E+01
    0.333333333333333572E-02    0.222758097810389594E+15    0.191599225997924805E+02    0.557477593421936035E+00    0.174367010593414307E+01    0.688800513744354248E+01    0.105138287097215652E+02   -0.299098555445671099E+01   -0.962786169052123952E+01    0.203848361968994141E+01   -0.230667263269424438E+00
    0.333333333333333572E-02    0.222758097810389594E+15    0.644306182861328125E+01    0.450324416160583496E+00    0.167575597763061523E+01    0.866432785987854004E+01    0.565698050260543805E+01   -0.294063335657119840E+00   -0.390979086160659861E+01    0.552289307117462158E+00   -0.157936161756515503E+01
    0.333333333333333572E-02    0.222758097810389594E+15    0.144746637344360352E+02    0.114024400711059570E+01    0.148093163967132568E+01    0.608933508396148682E+01    0.823445582091808248E+01   -0.297547895312309274E+01   -0.460756728649139458E+01    0.826629579067230225E+00    0.263965338468551636E+00
    0.333333333333333572E-02    0.222758097810389594E+15    0.744585871696472168E+01    0.184933674335479736E+01    0.122302949428558350E+01    0.651782274246215820E+01    0.135455470055341713E+02    0.132242788076400775E+01   -0.495661504864692759E+01    0.158543437719345093E+01   -0.555149644613265991E+00
    0.333333333333333572E-02    0.222758097810389594E+15    0.185068941116333008E+02    0.195106875896453857E+01    0.332334458827972412E+01    0.311026513576507568E+01    0.623981176614761335E+01   -0.204495167732238770E+01   -0.659629297256470792E+00    0.348362207412719727E+01   -0.366060346364974976E+00
    0.333333333333333572E-02    0.222758097810389594E+15    0.166579699516296387E+02    0.632883787155151367E+00    0.908881425857543945E-01    0.787492215633392334E+01    0.132568692326545694E+02   -0.239182057976722717E+01   -0.529973739087581652E+01    0.344894915819168091E+01   -0.363813191652297974E-01
    0.333333333333333572E-02    0.222758097810389594E+15    0.956540465354919434E+01    0.710309982299804688E+00    0.101801872253417969E+01    0.141662299633026123E+01    0.950448194742202723E+01   -0.116130324602127066E+01    0.168284112811088526E+01    0.278803890943527222E+01   -0.130086436867713928E+01
    0.333333333333333572E-02    0.222758097810389594E+15    0.711222171783447266E+01    0.553616166114807129E+00    0.918244123458862305E+01    0.599786579608917236E+01    0.429528743326663953E+01   -0.214555704593658447E+01   -0.959010681509971619E+01    0.188709437847137451E+01   -0.115642674267292023E+01
    0.333333333333333572E-02    0.222758097810389594E+15    0.156283259391784668E+01    0.538520097732543945E+00    0.577473640441894531E+00    0.416990041732788086E+01    0.130320560514926918E+02   -0.168986555933952332E+01   -0.127626685798168182E+01    0.255849152803421021E+01   -0.151911410689353943E+01
    0.333333333333333572E-02    0.222758097810389594E+15    0.225797057151794434E+01    0.687847495079040527E+00    0.462462425231933594E+01    0.554237067699432373E+01    0.422008546590805089E+01    0.968538564443588434E+00   -0.546033058762550372E+01    0.137490779161453247E+01   -0.157293665409088135E+01
    0.333333333333333572E-02    0.222758097810389594E+15    0.103406500816345215E+02    0.234169960021972656E+00    0.442019104957580566E+00    0.804817199707031250E+01    0.981042822301387751E+01   -0.267756581902503976E+01   -0.877118372321128881E+01    0.267882758378982544E+01    0.478256404399871826E+00
    0.333333333333333572E-02    0.222758097810389594E+15    0.182240283489227295E+02    0.146274304389953613E+01    0.222590327262878418E+01    0.185499012470245361E+01    0.950141603946685720E+01    0.129077268242836052E+01   -0.523880578279495257E+01    0.265944361686706543E+01    0.223686471581459045E+00
    0.333333333333333572E-02    0.222758097810389594E+15    0.174253356456756592E+02    0.196650350093841553E+01    0.290371477603912354E+01    0.399614572525024414E+01    0.104644592553377151E+02   -0.387527392506599444E+01   -0.604959326386451757E+01    0.122925114631652832E+01   -0.105100788176059723E+01
    0.333333333333333572E-02    0.222758097810389594E+15    0.160348534584045410E+02    0.606983423233032227E+00    0.810245096683502197E+01    0.655283808708190918E+01    0.554909404218196833E+01    0.292154696583747864E+01   -0.483267768621444738E+01    0.284081548452377319E+01    0.277995169162750244E-01
    0.333333333333333572E-02    0.222758097810389594E+15    0.141781234741210938E+02    0.999605894088745117E+00    0.673766493797302246E+01    0.872426092624664307E+01    0.377748938798904366E+01   -0.106746823787689227E+01   -0.730914992690086329E+01    0.118569850921630859E+01   -0.256601676344871521E+00
    0.333333333333333572E-02    0.222758097810389594E+15    0.626464724540710449E+01    0.130808985233306885E+01    0.289658129215240479E+01    0.434382736682891846E+01    0.304959637224674207E+01    0.696406430006026866E+00    0.114262930452823497E+01    0.213199096918106079E+01    0.276785895228385925E+00
    0.333333333333333572E-02    0.222758097810389594E+15    0.166953313350677490E+02    0.326159954071044922E+00    0.517488062381744385E+01    0.203113555908203125E+01    0.471986860036849976E+01    0.127386035323142988E+01   -0.987094280123710632E+01    0.149762547016143799E+01   -0.146872840821743011E+01
    0.333333333333333572E-02    0.222758097810389594E+15    0.452243447303771973E+01    0.145229947566986084E+01    0.310473978519439697E+01    0.626113891601562500E+01    0.105775991320610032E+02   -0.380790098309516933E+01   -0.127587296962738073E+01    0.977079510688781738E+00   -0.511134594678878784E+00
    0.333333333333333572E-02    0.222758097810389594E+15    0.181978476047515869E+02    0.175045323371887207E+01    0.564338743686676025E+01    0.770937800407409668E+00    0.130044775456190109E+02   -0.110598674416542053E+01   -0.529855786263942719E+01    0.768541336059570312E+00   -0.302758872509002686E+00
    0.333333333333333572E-02    0.222758097810389594E+15    0.150345683097839355E+01    0.762260437011718750E+00    0.810048520565032959E+01    0.617011189460754395E+00    0.142855971336364753E+02    0.746985077857971191E+00   -0.640327722728252446E+01    0.296924626827239990E+01   -0.927176326513290405E+00
    0.333333333333333572E-02    0.222758097810389594E+15    0.172153568267822266E+02    0.108625245094299316E+01    0.246839642524719238E+01    0.121090829372406006E+01    0.898560172617435526E+01    0.187642449140548706E+01   -0.683610425889492035E+01    0.119712382555007935E+01   -0.655734628438949585E+00
    0.333333333333333572E-02    0.222758097810389594E+15    0.233899593353271484E+01    0.855384945869445801E+00    0.901511430740356445E+01    0.655670762062072754E+00    0.922711530625820231E+01    0.228616578578948992E+01   -0.400752645730972290E+01    0.223631173372268677E+01   -0.371230572462081909E+00
    0.333333333333333572E-02    0.222758097810389594E+15    0.196428298950195312E+02    0.676759719848632812E+00    0.578480064868927002E+01    0.425962448120117188E+01    0.124198423981666544E+02    0.119408221244812029E+01   -0.301847636103630101E+01    0.186923998594284058E+01    0.438293635845184326E+00
    0.333333333333333572E-02    0.222758097810389594E+15    0.105806243419647217E+02    0.163835215568542480E+01    0.601093471050262451E+01    0.181282103061676025E+01    0.147790593415498712E+02   -0.405442798137664706E+00   -0.294272443652153015E+01    0.332397824525833130E+01   -0.149479639530181885E+01
    0.333333333333333572E-02    0.222758097810389594E+15    0.185705423355102539E+02    0.112628042697906494E+01    0.156653523445129395E+01    0.160578608512878418E+01    0.837326380014419414E+01    0.287978327274322154E+00    0.188992882072925461E+01    0.228586411476135254E+01   -0.821544900536537170E+00
    0.333333333333333572E-02    0.222758097810389594E+15    0.157774400711059570E+02    0.140196847915649414E+01    0.281726658344268799E+01    0.890983462333679199E+01    0.899673069417476512E+01   -0.162385433912277222E+01   -0.798083427548408508E+01    0.100396615266799927E+01   -0.173796667158603668E+01
    0.333333333333333572E-02    0.222758097810389594E+15    0.927505373954772949E+01    0.720554232597351074E+00    0.637922346591949463E+01    0.114323496818542480E+01    0.125503874003887184E+02   -0.123411813974380502E+01   -0.856108809113502467E+01    0.699049592018127441E+00   -0.733477920293807983E+00
    0.333333333333333572E-02    0.222758097810389594E+15    0.838112950325012207E+01    0.802904963493347168E+00    0.493806958198547363E+01    0.338434576988220215E+00    0.881325092315673686E+01   -0.358941501379013150E+00   -0.956779241561889648E+00    0.127653867006301880E+01   -0.115647435188293457E+01
    0.333333333333333572E-02    0.222758097810389594E+15    0.101149904727935791E+02    0.187680447101593018E+01    0.291833221912384033E+01    0.274428308010101318E+01    0.969204419255256511E+01    0.270202886462211644E+01   -0.297920861244201696E+01    0.144915401935577393E+01    0.379009842872619629E+00
    0.333333333333333572E-02    0.222758097810389594E+15    0.346533417701721191E+01    0.143349623680114746E+01    0.416831135749816895E+01    0.750033259391784668E+01    0.368746963739395106E+01   -0.319008317589759827E+01   -0.321311917603015917E+01    0.128953343629837036E+01   -0.115157328546047211E+01
    0.333333333333333572E-02    0.222758097810389594E+15    0.180796658992767334E+02    0.132649207115173340E+01    0.221334159374237061E+01    0.759699463844299316E+01    0.103412517458200455E+02   -0.260436926484107989E+01   -0.540852679014205950E+01    0.175934952497482300E+01   -0.943493142724037170E+00
    0.333333333333333572E-02    0.222758097810389594E+15    0.781610846519470215E+01    0.874039530754089355E+00    0.564726293087005615E+01    0.988889694213867188E+01    0.497930986881256032E+01   -0.194178326129913348E+01   -0.244701273739338010E+01    0.303294247388839722E+01    0.384511992335319519E+00
    0.333333333333333572E-02    0.222758097810389594E+15    0.923688650131225586E+01    0.423182249069213867E+00    0.320675075054168701E+01    0.997534275054931641E+01    0.126111528933048227E+02    0.109014528989791692E+00   -0.532960096597671562E+01    0.319120711088180542E+01   -0.969639316201210022E+00
    0.333333333333333572E-02    0.222758097810389594E+15    0.198843729496002197E+02    0.187554073333740234E+01    0.546336650848388672E+01    0.889126598834991455E+01    0.114434217274188974E+02   -0.282836077213287362E+01   -0.734974606931209529E+01    0.133799344301223755E+01   -0.101745250821113586E+01
    0.333333333333333572E-02    0.222758097810389594E+15    0.891746163368225098E+01    0.112968027591705322E+01    0.977888584136962891E+01    0.204875886440277100E+01    0.225206587314605677E+01    0.137624488472938555E+01   -0.240623971819879046E+00    0.155960702896118164E+01   -0.572698801755905151E+00
    0.333333333333333572E-02    0.222758097810389594E+15    0.112124872207641602E+02    0.629305839538574219E-02    0.336598932743072510E+01    0.832808732986450195E+01    0.129678363949060440E+02   -0.228910990953445470E+01   -0.230689033865928739E+01    0.760592341423034668E+00    0.444567725062370300E+00
    0.333333333333333572E-02    0.222758097810389594E+15    0.281392335891723633E+01    0.184819626808166504E+01    0.755220293998718262E+01    0.396596908569335938E+01    0.210449551045894623E+01    0.107700334191322344E+01   -0.789631423950195277E+01    0.173567080497741699E+01   -0.967066138982772827E+00
    0.333333333333333572E-02    0.222758097810389594E+15    0.614328265190124512E+01    0.148693251609802246E+01    0.738850831985473633E+01    0.377582013607025146E+01    0.106804336369037607E+02    0.217685872316360474E+01   -0.435474224686622691E+01    0.315881961584091187E+01   -0.157884126901626587E+01
    0.333333333333333572E-02    0.222758097810389594E+15    0.476277947425842285E+01    0.182179653644561768E+01    0.523429870605468750E+01    0.286030292510986328E+01    0.852246823310851909E+01    0.188899461030960136E+01   -0.262748126983642649E+01    0.886804401874542236E+00   -0.540778234601020813E+00
    0.333333333333333572E-02    0.222758097810389594E+15    0.131965255737304688E+02    0.150355005264282227E+01    0.431138217449188232E+01    0.184499800205230713E+01    0.107253647804260233E+02    0.220072154998779279E+01   -0.417627164721488953E+01    0.167471688985824585E+01    0.495698139071464539E+00
    0.333333333333333572E-02    0.222758097810389594E+15    0.150339841842651367E+02    0.361574172973632812E+00    0.689659655094146729E+01    0.576167047023773193E+01    0.219943059384822837E+01   -0.369058316349983251E+01   -0.923209697008132935E+00    0.133687961101531982E+01   -0.244047865271568298E+00
    0.333333333333333572E-02    0.222758097810389594E+15    0.163082432746887207E+02    0.219449281692504883E+00    0.820420563220977783E+01    0.171522796154022217E+01    0.790197384953498805E+01   -0.377040736675262478E+01    0.104232048988341930E+00    0.526406884193420410E+00   -0.141322921216487885E+01
    0.333333333333333572E-02    0.222758097810389594E+15    0.167017006874084473E+02    0.946696400642395020E+00    0.658457040786743164E+01    0.918039560317993164E+01    0.982927213311195302E+01   -0.222278776764869690E+01   -0.816166749298572469E+01    0.205212301015853882E+01   -0.114546830952167511E+01
    0.333333333333333572E-02    0.222758097810389594E+15    0.110055935382843018E+02    0.112590980529785156E+01    0.920799672603607178E+01    0.365752339363098145E+01    0.872685746550559927E+01    0.497168564796448109E+00   -0.152471140325069499E+01    0.157658755779266357E+01   -0.139811563491821289E+01
    0.333333333333333572E-02    0.222758097810389594E+15    0.985078096389770508E+01    0.130293774604797363E+01    0.756540894508361816E+00    0.733163356781005859E+00    0.596417876780033041E+01   -0.245657166242599523E+01   -0.347826017141342181E+01    0.155541795492172241E+01    0.946783870458602905E-01
    0.333333333333333572E-02    0.222758097810389594E+15    0.754212617874145508E+01    0.959461092948913574E+00    0.310383737087249756E+01    0.721672058105468750E+01    0.857534433901309967E+01    0.255881118774414062E+01   -0.536703531742096018E+01    0.246239155530929565E+01   -0.683415293693542480E+00
    0.333333333333333572E-02    0.222758097810389594E+15    0.734333395957946777E+01    0.679523706436157227E+00    0.390699923038482666E+01    0.277314186096191406E+01    0.123209437102079384E+02    0.592073291540145874E+00   -0.238173838555812889E+01    0.124426025152206421E+01   -0.492033377289772034E+00
    0.333333333333333572E-02    0.222758097810389594E+15    0.112391328811645508E+02    0.124553859233856201E+01    0.161418378353118896E+01    0.289542853832244873E+01    0.121321171253919609E+02   -0.358911165595054626E+01   -0.110855446755886078E+01    0.182017612457275391E+01   -0.159656490385532379E+01
    0.333333333333333572E-02    0.222758097810389594E+15    0.358605265617370605E+01    0.186641240119934082E+01    0.870954394340515137E+00    0.483289897441864014E+01    0.447044710814952850E+01    0.584681499004363836E+00   -0.701201066672802042E+01    0.260332161188125610E+01   -0.105759578943252563E+01
    0.333333333333333572E-02    0.222758097810389594E+15    0.184228193759918213E+02    0.837111115455627441E+00    0.552447080612182617E+01    0.764792799949645996E+01    0.123919644027948372E+02   -0.171212977170944214E+01    0.678219977021216280E+00    0.251736414432525635E+01   -0.347588777542114258E+00
    0.333333333333333572E-02    0.222758097810389594E+15    0.179066598415374756E+02    0.183741927146911621E+01    0.363186538219451904E+01    0.388552904129028320E+01    0.776416854262351919E+01   -0.183517167568206796E+01   -0.234036230146884972E+01    0.211763936281204224E+01    0.147669315338134766E+00
    0.333333333333333572E-02    0.222758097810389594E+15    0.184371626377105713E+02    0.866837263107299805E+00    0.662707686424255371E+01    0.128581464290618896E+01    0.237753962278366071E+01    0.858658599853515447E+00   -0.784796284139156342E+01    0.224868762493133545E+01   -0.249182552099227905E+00
    0.333333333333333572E-02    0.222758097810389594E+15    0.424538135528564453E+01    0.714259147644042969E-01    0.900108575820922852E+01    0.371689319610595703E+01    0.549309336543083138E+01   -0.322248935699462891E+01   -0.547949151098728215E+01    0.338766980171203613E+01   -0.646058693528175354E+00
    0.333333333333333572E-02    0.222758097810389594E+15    0.182118332386016846E+02    0.305328607559204102E+00    0.816441774368286133E+00    0.502131104469299316E+01    0.115189502000808695E+02    0.111563412547111529E+01   -0.554524237513542229E+01    0.248873853683471680E+01   -0.150242634117603302E+01
    0.333333333333333572E-02    0.222758097810389594E+15    0.659445166587829590E+01    0.523503065109252930E+00    0.206905961036682129E+01    0.318208456039428711E+01    0.576183115839958138E+01    0.651169383525848744E+00   -0.751026447713375056E+01    0.939402341842651367E+00   -0.714888468384742737E+00
    0.333333333333333572E-02    0.222758097810389594E+15    0.167441427707672119E+02    0.157066035270690918E+01    0.657892227172851562E+00    0.913230776786804199E+00    0.122338524729013436E+02   -0.158665585517883123E+00    0.116871425807475937E+01    0.642677783966064453E+00   -0.880365476012229919E+00
    0.333333333333333572E-02    0.222758097810389594E+15    0.243718862533569336E+01    0.133834648132324219E+01    0.988570034503936768E+01    0.497626125812530518E+01    0.100057092696428285E+02   -0.128010740280151358E+01    0.483515906333922274E+00    0.227188229560852051E+01   -0.145787002146244049E+01
    0.333333333333333572E-02    0.222758097810389594E+15    0.166053509712219238E+02    0.784437179565429688E+00    0.592394828796386719E+01    0.109548330307006836E+01    0.133328137487173066E+02   -0.252066512107849139E+01    0.138337343931198120E+01    0.597388148307800293E+00   -0.556844934821128845E+00
    0.333333333333333572E-02    0.222758097810389594E+15    0.147002971172332764E+02    0.100607514381408691E+00    0.599057555198669434E+01    0.398138046264648438E+01    0.442219147682189906E+01    0.525258445739746449E+00    0.169886875152587891E+01    0.163336491584777832E+01    0.180275186896324158E+00
    0.333333333333333572E-02    0.222758097810389594E+15    0.115117919445037842E+02    0.161900305747985840E+01    0.438089668750762939E+01    0.460385203361511230E+01    0.360712540447711927E+01   -0.162084629535675040E+01    0.175064192116260386E+01    0.168819463253021240E+01   -0.117961604893207550E+01
    0.333333333333333572E-02    0.222758097810389594E+15    0.100048398971557617E+02    0.355831384658813477E+00    0.651973009109497070E+01    0.315558135509490967E+01    0.775547948777675611E+01    0.211973607540130615E+00   -0.959928733408451151E+01    0.137674885988235474E+01   -0.117795670032501221E+01
    0.333333333333333572E-02    0.222758097810389594E+15    0.115768849849700928E+02    0.336141109466552734E+00    0.752317130565643311E+01    0.671833872795104980E+01    0.607757799625396711E+01    0.235775977373123169E+00   -0.338445633649826050E+01    0.184010225534439087E+01   -0.106828264892101288E+01
    0.333333333333333572E-02    0.222758097810389594E+15    0.167657113075256348E+02    0.174754238128662109E+01    0.347360312938690186E+01    0.502009689807891846E+01    0.866959399282932353E+01   -0.324844967126846340E+01   -0.909250331223011088E+01    0.292420035600662231E+01   -0.102394372224807739E+01
    0.333333333333333572E-02    0.222758097810389594E+15    0.157102131843566895E+02    0.156075382232666016E+01    0.101886510848999023E+01    0.119741201400756836E+01    0.125439908295869813E+02    0.292083011865615827E+01   -0.870483739674091339E+01    0.201019507646560669E+01   -0.538365319371223450E+00
    0.333333333333333572E-02    0.222758097810389594E+15    0.153899335861206055E+02    0.149262750148773193E+01    0.225331008434295654E+01    0.435633063316345215E+01    0.100976154953241348E+02    0.206577496528625471E+01   -0.391713513433933258E+01    0.656552135944366455E+00   -0.986904695630073547E+00
    0.333333333333333572E-02    0.222758097810389594E+15    0.192271506786346436E+02    0.502835273742675781E+00    0.582684576511383057E+01    0.503524541854858398E+01    0.102392601341009133E+02   -0.356898852586746251E+01    0.172298996150493622E+01    0.102640426158905029E+01   -0.651999652385711670E+00
    0.333333333333333572E-02    0.222758097810389594E+15    0.196161508560180664E+01    0.778347134590148926E+00    0.136541247367858887E+01    0.105461537837982178E+01    0.294635585844516745E+01   -0.778179478645324885E+00   -0.508337088525295311E+01    0.584695398807525635E+00    0.179400786757469177E+00
    0.333333333333333572E-02    0.222758097810389594E+15    0.163481342792510986E+02    0.174278008937835693E+01    0.904807448387145996E+00    0.893215298652648926E+01    0.113409893721342065E+02    0.212651162147521955E+01   -0.998710852563381124E+01    0.151176750659942627E+01   -0.116915865242481232E+01
    0.333333333333333572E-02    0.222758097810389594E+15    0.155854749679565430E+02    0.176911830902099609E+01    0.489011704921722412E+01    0.264397203922271729E+01    0.530657778978347761E+01   -0.160745363235473659E+01   -0.659869784712791407E+01    0.613816320896148682E+00    0.499722391366958618E+00
    0.333333333333333572E-02    0.222758097810389594E+15    0.930721759796142578E+00    0.280263066291809082E+00    0.768198728561401367E+01    0.570040702819824219E+01    0.145709226310253150E+02    0.268928272128105217E+01   -0.775877027809619868E+01    0.289222198724746704E+01    0.397434741258621216E+00
    0.333333333333333572E-02    0.222758097810389594E+15    0.109686255455017090E+02    0.798689365386962891E+00    0.974724709987640381E+01    0.296049118041992188E+00    0.103534296989440904E+02   -0.127898833155632019E+01    0.176551565825939072E+01    0.285638839006423950E+01   -0.352532625198364258E+00
    0.333333333333333572E-02    0.222758097810389594E+15    0.272759675979614258E+01    0.539781212806701660E+00    0.151287138462066650E+01    0.474941134452819824E+01    0.104987646967172630E+02   -0.330125535726547259E+01   -0.230798368155956357E+01    0.928922951221466064E+00    0.443925604224205017E+00
    0.333333333333333572E-02    0.222758097810389594E+15    0.257910251617431641E+01    0.843896389007568359E+00    0.648864746093750000E+01    0.194942653179168701E+01    0.104784920364618301E+02    0.975591468811034979E+00   -0.770112368464469910E+01    0.148785400390625000E+01   -0.173776000738143921E-01
    0.333333333333333572E-02    0.222758097810389594E+15    0.434464812278747559E+01    0.181153178215026855E+01    0.364359617233276367E+01    0.752986073493957520E+01    0.126241768270730965E+02   -0.151170497536659232E+01   -0.387783960700035113E+01    0.124118930101394653E+01   -0.123748779296875000E+01
    0.333333333333333572E-02    0.222758097810389594E+15    0.194544792175292969E+02    0.348908543586730957E+00    0.519146740436553955E+01    0.648822247982025146E+01    0.665495361089706350E+01   -0.308014522194862383E+01    0.131748510599136281E+01    0.278841227293014526E+01   -0.143536145985126495E+01
    0.333333333333333572E-02    0.222758097810389594E+15    0.155086994171142578E+01    0.147416162490844727E+01    0.717546641826629639E+01    0.871013045310974121E+01    0.119750889152288416E+02   -0.368731930851936340E+01   -0.392471303343772959E+01    0.107085543870925903E+01   -0.546064332127571106E+00
    0.333333333333333572E-02    0.222758097810389594E+15    0.181824541091918945E+02    0.359068989753723145E+00    0.788772106170654297E+00    0.801975190639495850E+01    0.109971468687057481E+02    0.236370496153831500E+01   -0.805700573027133871E+01    0.227619314193725586E+01    0.966714024543762207E-01
    0.333333333333333572E-02    0.222758097810389594E+15    0.137740337848663330E+02    0.146984124183654785E+01    0.365456342697143555E+01    0.256442427635192871E+00    0.590709128379821724E+01   -0.312917008399963414E+01   -0.755724260807037318E+01    0.320925194025039673E+01   -0.474754855036735535E+00
    0.333333333333333572E-02    0.222758097810389594E+15    0.359210968017578125E+00    0.102415764331817627E+01    0.707212150096893311E+01    0.423602640628814697E+01    0.125894823580980280E+02    0.985928952693937433E-01   -0.998696820735931468E+01    0.549891412258148193E+00   -0.163704131543636322E+01
    0.333333333333333572E-02    0.222758097810389594E+15    0.183858215808868408E+02    0.190944254398345947E+01    0.899595022201538086E+01    0.533545732498168945E+01    0.205157617926597569E+01   -0.166423179507255581E+01    0.170449359118938304E+01    0.175129771232604980E+01   -0.165492534637451172E+01
    0.333333333333333572E-02    0.222758097810389594E+15    0.145947909355163574E+02    0.293443441390991211E+00    0.161317229270935059E+01    0.966411113739013672E+01    0.571225098073482496E+01   -0.185256190299987811E+01   -0.159320096671581268E+01    0.215491348505020142E+01   -0.125930581986904144E+01
    0.333333333333333572E-02    0.222758097810389594E+15    0.182225012779235840E+02    0.185122585296630859E+01    0.475964128971099854E+01    0.613327980041503906E+01    0.145896299183368683E+02   -0.235832946300506574E+01   -0.248603594303132169E+00    0.145792877674102783E+01    0.107750535011291504E+00
    0.333333333333333572E-02    0.222758097810389594E+15    0.194778668880462646E+02    0.547132968902587891E+00    0.270849287509918213E+01    0.532438635826110840E+01    0.554531568884849513E+01    0.219214693903923052E+01   -0.711734766662120855E+01    0.748004019260406494E+00    0.366791039705276489E+00
    0.333333333333333572E-02    0.222758097810389594E+15    0.173912525177001953E+01    0.732374668121337891E+00    0.135240435600280762E+01    0.961999595165252686E+01    0.126422480851411798E+02    0.198608319163322466E+01   -0.888474394381046295E+01    0.290266346931457520E+01    0.330047056078910828E+00
    0.333333333333333572E-02    0.222758097810389594E+15    0.310379981994628906E+01    0.111508679389953613E+01    0.131500363349914551E+00    0.522028207778930664E+00    0.107780841946601846E+02    0.145380709171295219E+01   -0.712164838612079620E+01    0.171936297416687012E+01    0.489349350333213806E+00
    0.333333333333333572E-02    0.222758097810389594E+15    0.372089385986328125E+01    0.995876789093017578E-01    0.183335423469543457E+01    0.328407943248748779E+01    0.121345184445381165E+02   -0.389968662261962917E+01    0.101588771343231166E+01    0.265434885025024414E+01   -0.152278511226177216E+01
    0.333333333333333572E-02    0.222758097810389594E+15    0.116452682018280029E+02    0.978147029876708984E+00    0.934547305107116699E+01    0.585982263088226318E+01    0.706079970300197513E+01   -0.291248153448104841E+01   -0.975123849213123250E+01    0.134032267332077026E+01   -0.639738604426383972E+00
    0.333333333333333572E-02    0.222758097810389594E+15    0.407506823539733887E+01    0.199959552288055420E+01    0.376873254776000977E+01    0.542504191398620605E+01    0.976205680966377187E+01   -0.111850997805595398E+01    0.164758135378360748E+01    0.256672859191894531E+01   -0.990352272987365723E+00
    0.333333333333333572E-02    0.222758097810389594E+15    0.414196610450744629E+01    0.196226716041564941E+00    0.254513382911682129E+01    0.606350123882293701E+01    0.617478395104408229E+01    0.166348797678947502E+01   -0.815775923728942942E+01    0.140278077125549316E+01   -0.592150315642356873E+00
    0.333333333333333572E-02    0.222758097810389594E+15    0.479695439338684082E+01    0.173036968708038330E+01    0.603190302848815918E+01    0.735203802585601807E+01    0.112440304189920433E+02   -0.108502955436706561E+01   -0.290804730355739594E+01    0.181413739919662476E+01   -0.518077760934829712E+00
    0.333333333333333572E-02    0.222758097810389594E+15    0.148366284370422363E+02    0.172435307502746582E+01    0.628654181957244873E+01    0.316634654998779297E+01    0.653292244672775269E+01   -0.366610080003738403E+00   -0.643921651244163584E+01    0.279266625642776489E+01   -0.496481686830520630E+00
    0.333333333333333572E-02    0.222758097810389594E+15    0.433082103729248047E+01    0.402115345001220703E+00    0.577414333820343018E+01    0.702782094478607178E+01    0.135376105338335044E+02    0.243504544496536290E+01    0.822644519805907137E+00    0.139564734697341919E+01    0.218603685498237610E+00
    0.333333333333333572E-02    0.222758097810389594E+15    0.163477420806884766E+02    0.110923886299133301E+01    0.672878026962280273E+00    0.287633717060089111E+01    0.115920541971921907E+02   -0.187155444622039813E+01   -0.234705674648285623E+00    0.980682790279388428E+00   -0.714361816644668579E-01
    0.333333333333333572E-02    0.222758097810389594E+15    0.443020105361938477E+01    0.103774476051330566E+01    0.236747860908508301E+01    0.494532048702239990E+01    0.822231954932212794E+01   -0.288829914927482623E+01    0.176594159901141978E+01    0.252766990661621094E+01    0.444551765918731689E+00
    0.333333333333333572E-02    0.222758097810389594E+15    0.910790324211120605E+01    0.177019095420837402E+01    0.518325805664062500E+01    0.527519643306732178E+01    0.921180197596549988E+01    0.136080503463746894E-01   -0.155268531143665278E+01    0.199400150775909424E+01    0.146894559264183044E+00
    0.333333333333333572E-02    0.222758097810389594E+15    0.163994586467742920E+02    0.258149147033691406E+00    0.560971975326538086E+01    0.353601336479187012E+01    0.996491694748401713E+01   -0.190982520580291748E+00   -0.806870200634002721E+01    0.265531355142593384E+01   -0.110466185212135315E+01
    0.333333333333333572E-02    0.222758097810389594E+15    0.122277164459228516E+02    0.490951538085937500E-02    0.396257638931274414E-01    0.553378760814666748E+01    0.766974290013313276E+01    0.230163347721100031E+00   -0.475206163227558154E+01    0.803893208503723145E+00    0.370661869645118713E+00
    0.333333333333333572E-02    0.222758097810389594E+15    0.152267336845397949E+01    0.112590408325195312E+01    0.426105678081512451E+01    0.904133379459381104E+01    0.704102258980274165E+01    0.292114638686180150E+01   -0.179457051157951319E+01    0.177252417802810669E+01    0.391902551054954529E+00
    0.333333333333333572E-02    0.222758097810389594E+15    0.113063132762908936E+02    0.168635320663452148E+01    0.200961291790008545E+01    0.645507693290710449E+01    0.258412562608718854E+01    0.100819259285926854E+01   -0.831160077452659607E+01    0.251023966073989868E+01   -0.417769044637680054E+00
    0.333333333333333572E-02    0.222758097810389594E+15    0.191243135929107666E+02    0.184867691993713379E+01    0.128931522369384766E+01    0.567403376102447510E+01    0.944543388783931803E+01   -0.255309227705001840E+01   -0.783601085841655731E+01    0.326939278841018677E+01   -0.100571529567241669E+01
    0.333333333333333572E-02    0.222758097810389594E+15    0.100630521774291992E+02    0.143413484096527100E+01    0.284025251865386963E+01    0.421466946601867676E+01    0.835256120264530111E+01   -0.119381701946258634E+00    0.525510957837104442E+00    0.298305857181549072E+01    0.334980309009552002E+00
    0.333333333333333572E-02    0.222758097810389594E+15    0.198415851593017578E+02    0.128070390224456787E+01    0.522376358509063721E+01    0.537431776523590088E+01    0.108273355513811111E+02   -0.249350636005401594E+01   -0.639114338159561868E+00    0.166179507970809937E+01   -0.171707226336002350E+01
    0.333333333333333572E-02    0.222758097810389594E+15    0.568151354789733887E+01    0.118337059020996094E+01    0.145682573318481445E+01    0.546334445476531982E+01    0.433967903256416321E+01   -0.651437771320343195E+00   -0.454390837550163340E+01    0.240098291635513306E+01   -0.146831910312175751E+01
    0.333333333333333572E-02    0.222758097810389594E+15    0.114938700199127197E+02    0.412337303161621094E+00    0.781760334968566895E+01    0.458369314670562744E+01    0.747479684948921186E+01    0.319289863109588623E-01    0.370822757482525134E-01    0.188550740480422974E+01   -0.800381869077682495E+00
    0.333333333333333572E-02    0.222758097810389594E+15    0.454902648925781250E-01    0.154591238498687744E+01    0.517367124557495117E+01    0.396461963653564453E+01    0.855673971176147319E+01    0.253202092647552490E+01   -0.543625068962574076E+01    0.652846574783325195E+00   -0.118412189185619354E+01
    0.333333333333333572E-02    0.222758097810389594E+15    0.125376582145690918E+02    0.162571227550506592E+01    0.161807715892791748E+01    0.898360252380371094E+01    0.127212754905223839E+02    0.762237513065338490E+00   -0.812572963237762380E+01    0.253890299797058105E+01   -0.115581358969211578E+01
    0.333333333333333572E-02    0.222758097810389594E+15    0.196511471271514893E+02    0.131184935569763184E+01    0.283181726932525635E+01    0.474710464477539062E+01    0.788727107644081027E+01    0.776698660850525080E+00   -0.644211120009422267E+01    0.291053789854049683E+01    0.163209900259971619E+00
    0.333333333333333572E-02    0.222758097810389594E+15    0.471960306167602539E+00    0.140332090854644775E+01    0.350807428359985352E+01    0.171033024787902832E+01    0.971914953589439357E+01   -0.150059306621551425E+00   -0.483335149884223991E+01    0.162256616353988647E+01   -0.115849445760250092E+01
    0.333333333333333572E-02    0.222758097810389594E+15    0.108145880699157715E+02    0.136403667926788330E+01    0.665729284286499023E+01    0.490231692790985107E+01    0.420818693339824712E+01    0.707514888048171642E+00   -0.145787360668182409E+01    0.225185513496398926E+01    0.469312444329261780E+00
    0.333333333333333572E-02    0.222758097810389594E+15    0.119532644748687744E+02    0.335268378257751465E+00    0.500857770442962646E+01    0.132750391960144043E+01    0.297191126644611359E+01    0.793353122472763239E+00   -0.954185426235198975E-02    0.266000974178314209E+01   -0.636215656995773315E-01
    0.333333333333333572E-02    0.222758097810389594E+15    0.193233704566955566E+02    0.671519279479980469E+00    0.137396872043609619E+01    0.202857434749603271E+01    0.899468752741813660E+01   -0.334117259979248082E+01   -0.410789034962654132E+01    0.238904690742492676E+01   -0.352585598826408386E+00
    0.333333333333333572E-02    0.222758097810389594E+15    0.178610217571258545E+02    0.119672441482543945E+01    0.303456187248229980E+01    0.657094120979309082E+00    0.453535914123058248E+01    0.617225867509842097E+00   -0.899916744232177734E+01    0.122439581155776978E+01   -0.164469996094703674E+01
    0.333333333333333572E-02    0.222758097810389594E+15    0.249290466308593750E+01    0.822405815124511719E+00    0.247458219528198242E+00    0.297426283359527588E+01    0.111863972157239893E+02   -0.195333260297775269E+01   -0.527718105018138939E+01    0.218799996376037598E+01   -0.693031013011932373E+00
    0.333333333333333572E-02    0.222758097810389594E+15    0.114269912242889404E+02    0.182440280914306641E-01    0.961217343807220459E+01    0.259352862834930420E+01    0.983684427738189626E+01   -0.411931276321411133E-01   -0.435825234055519140E+01    0.147164952754974365E+01   -0.395125031471252441E+00
    0.333333333333333572E-02    0.222758097810389594E+15    0.948752522468566895E+01    0.338353514671325684E+00    0.137107729911804199E+01    0.922683477401733398E+00    0.121628649711608894E+02   -0.114610756635665911E+01   -0.608578327000141162E+01    0.263378846645355225E+01   -0.105334730446338654E+01
    0.333333333333333572E-02    0.222758097810389594E+15    0.450088977813720703E+01    0.179286718368530273E+00    0.800994038581848145E+01    0.473822176456451416E+01    0.138693723410367973E+02   -0.146890430450439480E+01   -0.678668302297592163E+01    0.148467308282852173E+01    0.135118722915649414E+00
    0.333333333333333572E-02    0.222758097810389594E+15    0.143887555599212646E+02    0.115024566650390625E+01    0.777708649635314941E+01    0.957742869853973389E+01    0.980174765884876109E+01   -0.483981776237487615E+00    0.177835299968719340E+01    0.183444797992706299E+01   -0.161851757764816284E+01
    0.333333333333333572E-02    0.222758097810389594E+15    0.160824096202850342E+02    0.146992719173431396E+01    0.790500164031982422E+01    0.120611667633056641E+01    0.105896921783685691E+02    0.153223872780799919E+01   -0.273918886184692401E+01    0.102891391515731812E+01   -0.146285557746887207E+01
    0.333333333333333572E-02    0.222758097810389594E+15    0.787693619728088379E+01    0.125439333915710449E+01    0.912335872650146484E+01    0.129612505435943604E+01    0.697738184332847577E+01   -0.838495814800262362E+00   -0.749142122864723170E+01    0.105746388435363770E+01   -0.535019397735595703E+00
    0.333333333333333572E-02    0.222758097810389594E+15    0.124887883663177490E+02    0.115823459625244141E+01    0.808145999908447266E+01    0.947950363159179688E+01    0.106416358530521400E+02   -0.453021216392516912E+00   -0.973483763635158539E+01    0.348987251520156860E+01   -0.135746890306472778E+01
    0.333333333333333572E-02    0.222758097810389594E+15    0.106107831001281738E+02    0.119141840934753418E+01    0.948363184928894043E+01    0.263964772224426270E+01    0.316343402862548828E+01    0.278996911048889196E+01   -0.286906921863556263E+00    0.326773107051849365E+01   -0.141126945614814758E+00
    0.333333333333333572E-02    0.222758097810389594E+15    0.726143121719360352E+00    0.520753860473632812E+00    0.706147253513336182E+01    0.373506188392639160E+01    0.426669622063636744E+01   -0.347900466918945339E+01   -0.421142742931842839E+01    0.685436666011810303E+00   -0.110695970058441162E+01
    0.333333333333333572E-02    0.222758097810389594E+15    0.135248005390167236E+02    0.101706111431121826E+01    0.692204177379608154E+01    0.529226899147033691E+01    0.115900943934917429E+02   -0.278399644494056719E+01   -0.815811751186847722E+01    0.255354660749435425E+01   -0.949168696999549866E+00
    0.333333333333333572E-02    0.222758097810389594E+15    0.674636840820312500E+01    0.176420974731445312E+01    0.476997613906860352E+01    0.496598422527313232E+01    0.280755559802055332E+01    0.253022942543029838E+01   -0.494380192458629608E+01    0.128463697433471680E+01   -0.107045269012451172E+01
    0.333333333333333572E-02    0.222758097810389594E+15    0.138704359531402588E+02    0.628404140472412109E+00    0.259305655956268311E+01    0.127124428749084473E+01    0.118985068261623361E+02   -0.346729534268379247E+01   -0.520926629304885935E+01    0.150507611036300659E+01   -0.160608634352684021E+00
    0.333333333333333572E-02    0.222758097810389594E+15    0.186407327651977539E+02    0.493339300155639648E+00    0.913728117942810059E+01    0.180479347705841064E+01    0.559600042700767464E+01   -0.325266546010971158E+00   -0.181357972025871383E+01    0.120369988679885864E+01   -0.338487774133682251E-01
    0.333333333333333572E-02    0.222758097810389594E+15    0.156556439399719238E+02    0.578540802001953125E+00    0.259810507297515869E+01    0.895322978496551514E+01    0.407476822137832606E+01   -0.124504095315933316E+00   -0.189399063885212016E+01    0.138969659805297852E+01   -0.161183699965476990E+01
    0.333333333333333572E-02    0.222758097810389594E+15    0.104824805259704590E+02    0.114242827892303467E+01    0.821409821510314941E+00    0.325778305530548096E+01    0.112012921869754791E+02    0.213907186985015851E+01   -0.669442981183528918E+01    0.917787849903106689E+00   -0.114934463798999786E+01
    0.333333333333333572E-02    0.222758097810389594E+15    0.143889713287353516E+02    0.967558622360229492E-01    0.944262504577636719E+01    0.232542157173156738E+01    0.954389337599277354E+01   -0.460100442171096802E+00   -0.283230677545070719E+01    0.140715795755386353E+01   -0.509180203080177307E+00
    0.333333333333333572E-02    0.222758097810389594E+15    0.510007143020629883E+01    0.675355792045593262E+00    0.836867749691009521E+01    0.345570743083953857E+01    0.128660832941532135E+02   -0.520336169004440130E+00   -0.767264192402362788E+01    0.231117039918899536E+01   -0.926824018359184265E+00
    0.333333333333333572E-02    0.222758097810389594E+15    0.128957569599151611E+02    0.725553154945373535E+00    0.509130060672760010E+01    0.145444333553314209E+01    0.628869107663631421E+01    0.126789608597755432E+01   -0.205325116813182884E+01    0.259236514568328857E+01   -0.111925789713859558E+01
    0.333333333333333572E-02    0.222758097810389594E+15    0.183300113677978516E+02    0.172591710090637207E+01    0.818532526493072510E+01    0.203852057456970215E+01    0.298964598476886723E+01   -0.373641079664230347E+01   -0.509950891137123108E+01    0.130548971891403198E+01   -0.919043868780136108E-01
    0.333333333333333572E-02    0.222758097810389594E+15    0.709731578826904297E+00    0.965633988380432129E+00    0.963633298873901367E+01    0.516545951366424561E+01    0.800332094132900096E+01    0.373068046569824396E+00   -0.354738579690456390E+01    0.148308610916137695E+01    0.257692724466323853E+00
    0.333333333333333572E-02    0.222758097810389594E+15    0.159354913234710693E+02    0.194763588905334473E+01    0.289688587188720703E+01    0.973759889602661133E+00    0.599247512221336365E+01    0.792749786376953480E+00    0.266581237316128039E-01    0.111188876628875732E+01   -0.665709629654884338E+00
    0.333333333333333572E-02    0.222758097810389594E+15    0.451323986053466797E+01    0.825296640396118164E+00    0.169751644134521484E+00    0.728185236454010010E+01    0.992531254887580872E+01    0.214055055379867909E+00    0.176002353429794312E+00    0.285877859592437744E+01   -0.118820086121559143E+01
    0.333333333333333572E-02    0.222758097810389594E+15    0.590364575386047363E+01    0.110867953300476074E+01    0.447892010211944580E+01    0.591429471969604492E+01    0.713930145800113625E+01   -0.179287070035934448E+01   -0.103743233382702016E+01    0.118504655361175537E+01   -0.158430278301239014E+00
    0.333333333333333572E-02    0.222758097810389594E+15    0.508127808570861816E+01    0.420488357543945312E+00    0.422618806362152100E+01    0.111302971839904785E+01    0.392379232347011531E+01    0.294619573354721087E+01    0.764498621225357056E+00    0.316470688581466675E+01    0.197817236185073853E-01
    0.333333333333333572E-02    0.222758097810389594E+15    0.713421106338500977E+00    0.510088682174682617E+00    0.698446929454803467E+01    0.144172132015228271E+01    0.101837086915969834E+02    0.472695821523666737E+00   -0.360740141868591380E+01    0.163296186923980713E+01   -0.267100781202316284E+00
    0.333333333333333572E-02    0.222758097810389594E+15    0.934053659439086914E+00    0.261912941932678223E+00    0.338817656040191650E+01    0.651030719280242920E+01    0.528675436377525276E+01    0.275109567642211950E+01   -0.954316002428531718E+01    0.306998932361602783E+01   -0.987163394689559937E+00
    0.333333333333333572E-02    0.222758097810389594E+15    0.121375453472137451E+02    0.419277787208557129E+00    0.769170403480529785E+01    0.274073660373687744E+01    0.471656032204627973E+01    0.188583110570907575E+01   -0.202093380391597766E+01    0.336899340152740479E+01   -0.427569031715393066E+00
    0.333333333333333572E-02    0.222758097810389594E+15    0.114558124542236328E+02    0.895616173744201660E+00    0.565676450729370117E+01    0.490898787975311279E+01    0.377485341727733559E+01   -0.355274599790573298E+00    0.174630914926528824E+01    0.158878034353256226E+01   -0.140899387001991272E+01
    0.333333333333333572E-02    0.222758097810389594E+15    0.104149878025054932E+02    0.137262749671936035E+01    0.700794160366058350E+01    0.230488598346710205E+01    0.146149939000606537E+02   -0.210468359589576703E+01   -0.510029526352882456E+01    0.286149191856384277E+01   -0.253271713852882385E+00
    0.333333333333333572E-02    0.222758097810389594E+15    0.357213020324707031E+00    0.710752010345458984E-01    0.959681868553161621E+00    0.412420511245727539E+01    0.307159032523632014E+01    0.258240051865577680E+01   -0.396278344690799766E+01    0.654679596424102783E+00   -0.567843064665794373E+00
    0.333333333333333572E-02    0.222758097810389594E+15    0.171882092952728271E+02    0.167004823684692383E+00    0.808762490749359131E+01    0.880088090896606445E+01    0.121962958723306656E+02   -0.226903037428855914E+01   -0.627668592631816935E+01    0.201533222198486328E+01    0.494061455130577087E+00
    0.333333333333333572E-02    0.222758097810389594E+15    0.174399101734161377E+02    0.137304651737213135E+01    0.909365415573120117E+00    0.869177341461181641E+01    0.671532930433750153E+01    0.263662714958190936E+01   -0.975998381078243327E+01    0.273557955026626587E+01    0.381848961114883423E+00
    0.333333333333333572E-02    0.222758097810389594E+15    0.521692395210266113E+01    0.168706572055816650E+01    0.414653658866882324E+01    0.553555667400360107E+01    0.844796327352523768E+01    0.114332137107849086E+01   -0.824593752026557958E+01    0.259898984432220459E+01   -0.524153903126716614E+00
    0.333333333333333572E-02    0.222758097810389594E+15    0.323674321174621582E+01    0.300383448600769043E+00    0.998428821563720703E+01    0.745063960552215576E+01    0.221440120935440055E+01   -0.364685671925544774E+01    0.444798746705053816E+00    0.613707780838012695E+00   -0.317056924104690552E-01
    0.333333333333333572E-02    0.222758097810389594E+15    0.675316095352172852E+01    0.142702078819274902E+01    0.755853176116943359E+01    0.993179261684417725E+01    0.104965625226497643E+02    0.222560145258903486E+01   -0.507253717482090050E+01    0.318509882688522339E+01   -0.372472301125526428E+00
    0.333333333333333572E-02    0.222758097810389594E+15    0.143870413303375244E+02    0.961477518081665039E+00    0.647664070129394531E+01    0.556907474994659424E+01    0.940358717739582062E+01    0.150595679879188538E+01   -0.511104919910430944E+01    0.202414685487747192E+01   -0.124679680168628693E+01
    0.333333333333333572E-02    0.222758097810389594E+15    0.232406973838806152E+01    0.175633645057678223E+01    0.394603252410888672E+01    0.102803111076354980E+01    0.127369894266128547E+02   -0.796525502204894931E+00   -0.424284020364284586E+01    0.520629584789276123E+00   -0.148344126343727112E+01
    0.333333333333333572E-02    0.222758097810389594E+15    0.186260640621185303E+02    0.817950963973999023E+00    0.982949972152709961E+01    0.953225135803222656E+01    0.680110217034816689E+01   -0.827313739061355413E+00    0.937855795025825500E+00    0.320514708757400513E+01   -0.364291831851005554E+00
    0.333333333333333572E-02    0.222758097810389594E+15    0.404837608337402344E+01    0.641881108283996582E+00    0.774192452430725098E+01    0.394369602203369141E+01    0.758088791668415052E+01    0.136193302869796806E+01   -0.461187916994095559E+00    0.330116945505142212E+01   -0.841638267040252686E+00
    0.333333333333333572E-02    0.222758097810389594E+15    0.568499565124511719E+00    0.600804686546325684E+00    0.930973529815673828E+01    0.194166302680969238E+01    0.107759731024503687E+02    0.259317749142646825E+01   -0.550993630290031433E+01    0.345312035083770752E+01    0.263283789157867432E+00
    0.333333333333333572E-02    0.222758097810389594E+15    0.197435140609741211E+02    0.359455347061157227E-01    0.939695775508880615E+01    0.451323866844177246E+01    0.896089461445808411E+01   -0.368734069466590908E+01    0.146183699667453659E+01    0.182716184854507446E+01   -0.266376316547393799E+00
    0.333333333333333572E-02    0.222758097810389594E+15    0.462061166763305664E+00    0.261519312858581543E+00    0.256602406501770020E+01    0.113191783428192139E+01    0.757800262868404317E+01   -0.629361099004745572E+00   -0.391103307008743339E+01    0.242374771833419800E+01   -0.888955116271972656E+00
    0.333333333333333572E-02    0.222758097810389594E+15    0.166913497447967529E+02    0.560790777206420898E+00    0.406557261943817139E+01    0.812247931957244873E+01    0.532285056710243154E+01   -0.209597408771514893E+01    0.193548548221587069E+00    0.694837629795074463E+00    0.200651526451110840E+00
    0.333333333333333572E-02    0.222758097810389594E+15    0.151374483108520508E+02    0.724477410316467285E+00    0.159078896045684814E+01    0.336865127086639404E+01    0.110676094919443138E+02   -0.114943886995315570E+01   -0.201341644823551214E+01    0.112629097700119019E+01   -0.118298114836215973E+01
    0.333333333333333572E-02    0.222758097810389594E+15    0.283045411109924316E+01    0.993871092796325684E+00    0.826385617256164551E+00    0.553519248962402344E+01    0.994176440238952708E+01   -0.273148934245109576E+01   -0.909364722669124603E+01    0.274781954288482666E+01   -0.387916594743728638E+00
    0.333333333333333572E-02    0.222758097810389594E+15    0.898749828338623047E+01    0.175163400173187256E+01    0.921012818813323975E+01    0.920257091522216797E+01    0.129570802450180054E+02   -0.382901733517646825E+01    0.170975232124328613E+01    0.190585625171661377E+01   -0.327236041426658630E+00
    0.333333333333333572E-02    0.222758097810389594E+15    0.170732975006103516E+01    0.136282300949096680E+01    0.319805741310119629E+01    0.600166678428649902E+01    0.553860033154487574E+01    0.162618683576583845E+01   -0.703729858398437536E+01    0.206516730785369873E+01   -0.142603729665279388E+01
    0.333333333333333572E-02    0.222758097810389594E+15    0.550735235214233398E+01    0.177088546752929688E+01    0.995495915412902832E+00    0.373361945152282715E+01    0.148162454396486289E+02   -0.276486859321594247E+01   -0.341475083827972448E+01    0.927744209766387939E+00    0.316156566143035889E+00
    0.333333333333333572E-02    0.222758097810389594E+15    0.202298521995544434E+01    0.148863446712493896E+01    0.582088887691497803E+01    0.214113831520080566E+01    0.457781640887260366E+01   -0.339266838431358364E+01   -0.138757272660732234E+01    0.270317184925079346E+01   -0.672741040587425232E+00
    0.333333333333333572E-02    0.222758097810389594E+15    0.136456179618835449E+02    0.702138304710388184E+00    0.986046373844146729E+01    0.271961450576782227E+01    0.811311008632183039E+01   -0.392349433898925781E+01   -0.203922361433506083E+01    0.269068026542663574E+01    0.184669047594070435E-01
    0.333333333333333572E-02    0.222758097810389594E+15    0.374023199081420898E+01    0.642226934432983398E-01    0.207061588764190674E+01    0.654758870601654053E+01    0.383324615061283058E+01   -0.384297549724578857E+01   -0.372460350394248962E+01    0.544788420200347900E+00   -0.130693796277046204E+01
    0.333333333333333572E-02    0.222758097810389594E+15    0.183046305179595947E+02    0.195059990882873535E+01    0.202583551406860352E+01    0.576785087585449219E+01    0.117934531658887849E+02   -0.158042508363723577E+00   -0.386899813115596825E+01    0.135797232389450073E+01    0.146407335996627808E+00
    0.333333333333333572E-02    0.222758097810389594E+15    0.172428405284881592E+02    0.811059474945068359E-01    0.956135690212249756E+01    0.237439930438995361E+01    0.622402758896350861E+01    0.507834082841872814E+00   -0.553376547992229462E+01    0.246383959054946899E+01    0.670313835144042969E-03
    0.333333333333333572E-02    0.222758097810389594E+15    0.159760975837707520E+02    0.104162657260894775E+01    0.609688162803649902E+01    0.708110570907592773E+01    0.378493957519531232E+01   -0.131016588211059659E+00    0.135659615397453237E+01    0.216087889671325684E+01   -0.315222695469856262E+00
    0.333333333333333572E-02    0.222758097810389594E+15    0.195967042446136475E+02    0.158294510841369629E+01    0.630794823169708252E+01    0.772003293037414551E+01    0.252366656959056845E+01    0.289403821229934710E+01   -0.418245633542537742E+01    0.221281415224075317E+01   -0.120126402378082275E+01
    0.333333333333333572E-02    0.222758097810389594E+15    0.287725925445556641E+01    0.125357270240783691E+01    0.839646637439727783E+01    0.968284964561462402E+01    0.927715320885181427E+01   -0.326305805444717434E+01   -0.547779700756073051E+01    0.220781004428863525E+01    0.134673878550529480E+00
    0.333333333333333572E-02    0.222758097810389594E+15    0.161326241493225098E+02    0.144803714752197266E+01    0.713999986648559570E+01    0.249784946441650391E+01    0.519690288305282522E+01   -0.229876534342765826E+01   -0.765641771256923676E+01    0.235852104425430298E+01   -0.151084794104099274E+01
    0.333333333333333572E-02    0.222758097810389594E+15    0.896809458732604980E+01    0.117020308971405029E+01    0.470493853092193604E+01    0.905888915061950684E+01    0.545999128520488686E+01   -0.329161390662193298E+01   -0.143051439225673782E+01    0.234311640262603760E+01   -0.150273680686950684E+00
    0.333333333333333572E-02    0.222758097810389594E+15    0.155908989906311035E+02    0.129555773735046387E+01    0.204973280429840088E+01    0.650203764438629150E+01    0.140318214654922464E+02   -0.197433914542198186E+01    0.176504555642604721E+01    0.110041785240173340E+01   -0.401474624872207642E+00
    0.333333333333333572E-02    0.222758097810389594E+15    0.117679107189178467E+02    0.806637644767761230E+00    0.902063250541687012E+01    0.495133459568023682E+01    0.840153468251228297E+01   -0.372964249253273028E+01   -0.839689719080925023E+01    0.137948077917098999E+01    0.209166869521141052E+00
    0.333333333333333572E-02    0.222758097810389594E+15    0.189569962024688721E+02    0.248548507690429688E+00    0.384148538112640381E+01    0.468560814857482910E+01    0.517146557271480489E+01   -0.273164135217666804E+00   -0.704962308704853058E+01    0.342639106512069702E+01    0.567381381988525391E-01
    0.333333333333333572E-02    0.222758097810389594E+15    0.181862592697143555E+02    0.153794157505035400E+01    0.452144384384155273E+01    0.906029939651489258E+01    0.111375642180442789E+02   -0.313622093200683594E+01   -0.266914226412773203E+01    0.108664739131927490E+01    0.268529653549194336E+00
    0.333333333333333572E-02    0.222758097810389594E+15    0.153906941413879395E+02    0.636576771736145020E+00    0.606093764305114746E+01    0.474621713161468506E+01    0.575525396764278341E+01   -0.291313011050224313E+01    0.143789456784725189E+01    0.860860288143157959E+00   -0.170069161057472229E+01
    0.333333333333333572E-02    0.222758097810389594E+15    0.123851776123046875E+02    0.143874299526214600E+01    0.102557361125946045E+01    0.934778451919555664E+01    0.230570614039897892E+01   -0.290852304100990278E+01   -0.284088898301124626E+01    0.299426680803298950E+01    0.218108281493186951E+00
    0.333333333333333572E-02    0.222758097810389594E+15    0.377651453018188477E+00    0.534733176231384277E+00    0.830027163028717041E+01    0.587967574596405029E+01    0.263251710832118979E+01   -0.336801262497901943E+01   -0.922642725706101174E+00    0.199613493680953979E+01   -0.171027930080890656E+01
    0.333333333333333572E-02    0.222758097810389594E+15    0.638949632644653320E+01    0.947095155715942383E-01    0.304531633853912354E+01    0.482949614524841309E+01    0.886159609258174896E+01    0.159916436672210338E+00    0.434899061918248009E-01    0.598366975784301758E+00    0.115516871213912964E+00
    0.333333333333333572E-02    0.222758097810389594E+15    0.192181384563446045E+02    0.182536482810974121E+01    0.326636135578155518E+01    0.791865468025207520E+01    0.784005593955516744E+01   -0.343519473671913156E+01   -0.583327804207801837E+01    0.325443875789642334E+01    0.269857883453369141E+00
    0.333333333333333572E-02    0.222758097810389594E+15    0.152746438980102539E+00    0.126674258708953857E+01    0.581877827644348145E+00    0.284119248390197754E+00    0.516389034092426247E+01    0.168801994323730487E+01   -0.822782412171363831E+00    0.593194425106048584E+00   -0.246096268296241760E+00
    0.333333333333333572E-02    0.222758097810389594E+15    0.583845734596252441E+01    0.318315625190734863E+00    0.605499863624572754E+01    0.315088987350463867E+01    0.851145427525043452E+01    0.756498622894286932E+00    0.859792536497115734E+00    0.331167852878570557E+01   -0.137227040529251099E+01
    0.333333333333333572E-02    0.222758097810389594E+15    0.789824843406677246E+01    0.117334556579589844E+01    0.958282887935638428E+01    0.572565197944641113E+00    0.125868077933788278E+02   -0.143022992610931388E+01   -0.760787471234798396E+01    0.275727325677871704E+01   -0.141936999559402466E+01
    0.333333333333333572E-02    0.222758097810389594E+15    0.909818649291992188E+01    0.254119157791137695E+00    0.281952738761901855E+01    0.443818628787994385E+01    0.147623936772346482E+02   -0.375083929300308316E+00   -0.414836469292640686E+01    0.580729484558105469E+00   -0.108676226437091827E+01
    0.333333333333333572E-02    0.222758097810389594E+15    0.344887137413024902E+01    0.150878548622131348E+01    0.450634837150573730E+01    0.426703691482543945E+01    0.143803392469882958E+02    0.206360632777214104E+01   -0.376966846287250590E+01    0.237155568599700928E+01   -0.503096818923950195E+00
    0.333333333333333572E-02    0.222758097810389594E+15    0.180021297931671143E+02    0.120434916019439697E+01    0.631407797336578369E+01    0.178202390670776367E+00    0.101438982009887688E+02   -0.169260586500167864E+01   -0.868262366056442225E+01    0.124289160966873169E+01   -0.130156938731670380E+01
    0.333333333333333572E-02    0.222758097810389594E+15    0.168381929397583008E+00    0.157175338268280029E+01    0.326219856739044189E+01    0.220183730125427246E+00    0.797950843870639748E+01    0.194902963638305682E+01    0.421359184384344942E+00    0.112165862321853638E+01   -0.129760293662548065E+01
    0.333333333333333572E-02    0.222758097810389594E+15    0.118081557750701904E+02    0.159541535377502441E+01    0.333825349807739258E+01    0.499498844146728516E-01    0.132401302397251115E+02   -0.378001756072044381E+01   -0.314842367172241566E+00    0.341682612895965576E+01    0.409749299287796021E+00
    0.333333333333333572E-02    0.222758097810389594E+15    0.895345926284790039E+01    0.179048418998718262E+01    0.143208324909210205E+01    0.161308407783508301E+01    0.124316791802644708E+02   -0.166174524426460257E+01   -0.872029519975185430E+01    0.279489713907241821E+01   -0.511802196502685547E+00
    0.333333333333333572E-02    0.222758097810389594E+15    0.140545487403869629E+01    0.163222372531890869E+01    0.756153345108032227E+01    0.101237237453460693E+01    0.999908962547779012E+01   -0.178725313544273368E+01   -0.839928545057773590E+01    0.829549789428710938E+00    0.480676293373107910E+00
    0.333333333333333572E-02    0.222758097810389594E+15    0.500007629394531250E+01    0.183521783351898193E+01    0.998298883438110352E+01    0.796383976936340332E+01    0.553892374932765907E+01    0.197576684355735832E+01   -0.632305078804492915E+01    0.160026216506958008E+01   -0.382872700691223145E+00
    0.333333333333333572E-02    0.222758097810389594E+15    0.576607584953308105E+01    0.799725651741027832E+00    0.660340487957000732E+01    0.816145539283752441E+01    0.208535828590393058E+01    0.262595669627189654E+01   -0.899719372689724040E+01    0.271842575073242188E+01    0.164189845323562622E+00
    0.333333333333333572E-02    0.222758097810389594E+15    0.116076707839965820E+02    0.563989877700805664E-01    0.556140542030334473E+01    0.163900136947631836E+01    0.130479158729314797E+02    0.170901209115982056E+01   -0.617625080645084346E+01    0.273193442821502686E+01    0.381751328706741333E+00
    0.333333333333333572E-02    0.222758097810389594E+15    0.169290876388549805E+02    0.144651901721954346E+01    0.468725740909576416E+01    0.205673515796661377E+01    0.763538111150264687E+01    0.212499690651893669E+01   -0.416107026338577324E+01    0.175509554147720337E+01   -0.782266363501548767E+00
    0.333333333333333572E-02    0.222758097810389594E+15    0.106019890308380127E+02    0.140553879737854004E+01    0.993844151496887207E+01    0.670552730560302734E+01    0.139340860009193399E+02    0.276556792855262756E+01    0.898199856281280518E+00    0.650556504726409912E+00   -0.888169229030609131E+00
    0.333333333333333572E-02    0.222758097810389594E+15    0.544364333152770996E+01    0.163427233695983887E+01    0.335792601108551025E+01    0.835649967193603516E+00    0.135122110456228235E+02   -0.771682202816009521E+00   -0.702990373969078064E+01    0.258589583635330200E+01   -0.124680297076702118E+01
    0.333333333333333572E-02    0.222758097810389594E+15    0.199846708774566650E+02    0.106144464015960693E+01    0.810512304306030273E+01    0.352063119411468506E+01    0.597017396092414820E+01   -0.271539174318313581E+01   -0.999745931327342952E+01    0.200151848793029785E+01   -0.167925338447093964E+01
    0.333333333333333572E-02    0.222758097810389594E+15    0.256102204322814941E+01    0.866443037986755371E+00    0.217750072479248047E+01    0.913159072399139404E+01    0.703937308192253042E+01    0.275988291501998884E+01   -0.205940736532211321E+01    0.215345454216003418E+01    0.306274235248565674E+00
    0.333333333333333572E-02    0.222758097810389594E+15    0.190106344223022461E+02    0.789401531219482422E+00    0.757404804229736328E+01    0.194956719875335693E+01    0.118963185459375360E+02    0.176445526480674797E+01   -0.641774567961692810E+01    0.110952985286712646E+01   -0.165099577605724335E+01
    0.333333333333333572E-02    0.222758097810389594E+15    0.116018021106719971E+02    0.180726993083953857E+01    0.327984213829040527E+01    0.518642604351043701E+01    0.144445087313652039E+02   -0.207274297475814828E+01   -0.157986479997635598E+00    0.294578802585601807E+01   -0.107543180882930756E+01
    0.333333333333333572E-02    0.222758097810389594E+15    0.141711664199829102E+02    0.143985390663146973E+01    0.476527333259582520E+01    0.941844522953033447E+01    0.298754261136054966E+01    0.640528130531310858E+00    0.180517373383045054E+01    0.240203577280044556E+01    0.473168388009071350E+00
    0.333333333333333572E-02    0.222758097810389594E+15    0.905224680900573730E+01    0.621952176094055176E+00    0.594519019126892090E+01    0.667555987834930420E+01    0.105642896026372917E+02    0.100815269947051966E+01   -0.531393589079380035E+01    0.604439854621887207E+00   -0.762059137225151062E+00
    0.333333333333333572E-02    0.222758097810389594E+15    0.992264151573181152E+01    0.778985142707824707E+00    0.637263536453247070E+01    0.121532797813415527E+01    0.135419168531894663E+02    0.154518392682075500E+01   -0.515671887993812561E+01    0.272715902328491211E+01   -0.220734775066375732E-01
    0.333333333333333572E-02    0.222758097810389594E+15    0.179134845733642578E+01    0.550219416618347168E+00    0.463441908359527588E+01    0.873094856739044189E+01    0.242712443172931636E+01    0.169008329510688782E+01   -0.711765750646591222E+01    0.199061441421508789E+01   -0.163231325149536133E+01
    0.333333333333333572E-02    0.222758097810389594E+15    0.731518626213073730E+01    0.158864080905914307E+01    0.168611705303192139E+01    0.595721900463104248E+01    0.505850940346717781E+01   -0.300439286231994451E+00   -0.462651167809963226E+01    0.154860657453536987E+01   -0.584211915731430054E+00
    0.333333333333333572E-02    0.222758097810389594E+15    0.661350488662719727E+00    0.429783344268798828E+00    0.323193967342376709E+01    0.315625309944152832E+01    0.149199112594127641E+02   -0.250647417902946490E+01   -0.378519108295440709E+01    0.266286897659301758E+01   -0.200467333197593689E+00
    0.333333333333333572E-02    0.222758097810389594E+15    0.437466263771057129E+01    0.894915580749511719E+00    0.875245749950408936E+01    0.277354836463928223E+01    0.963483861088752747E+01   -0.359179520606994629E+01   -0.850372996926307678E+01    0.178477990627288818E+01   -0.796562135219573975E-01
    0.333333333333333572E-02    0.222758097810389594E+15    0.174218511581420898E+02    0.130037522315979004E+01    0.951245665550231934E+01    0.161831557750701904E+01    0.132368752211332321E+02    0.820365059375762762E+00   -0.750959707498550433E+01    0.213159579038619995E+01   -0.172251486778259277E+01
    0.333333333333333572E-02    0.222758097810389594E+15    0.932341694831848145E+01    0.664397239685058594E+00    0.163106560707092285E+01    0.511534035205841064E+01    0.117128958940505967E+02   -0.292729390859603900E+01   -0.716785441040992755E+01    0.275803071260452271E+01   -0.163521298766136169E+01
    0.333333333333333572E-02    0.222758097810389594E+15    0.141698527336120605E+02    0.290221929550170898E+00    0.375699698925018311E+01    0.733969926834106445E+01    0.110435700565576553E+02    0.186530451774597150E+01   -0.267931190133095853E+00    0.176129412651062012E+01    0.314769461750984192E+00
    0.333333333333333572E-02    0.222758097810389594E+15    0.333314657211303711E+01    0.172088658809661865E+01    0.936940491199493408E+01    0.635430574417114258E+01    0.304741581082344037E+01   -0.307731937170028713E+01    0.482872721552848105E+00    0.142393159866333008E+01    0.257540240883827209E+00
    0.333333333333333572E-02    0.222758097810389594E+15    0.129351973533630371E+02    0.574961423873901367E+00    0.351579904556274414E+01    0.316826105117797852E+01    0.411634400188922811E+01    0.651210922002792181E+00   -0.928930930793285370E+01    0.288733339309692383E+01   -0.140315711498260498E+00
    0.333333333333333572E-02    0.222758097810389594E+15    0.168018758296966553E+02    0.128690600395202637E+00    0.508947312831878662E+01    0.495510160923004150E+01    0.541190701127052254E+01    0.173693335056304932E+01   -0.246572920083999669E+01    0.106512534618377686E+01   -0.393997430801391602E-01
    0.333333333333333572E-02    0.222758097810389594E+15    0.128769254684448242E+02    0.519569516181945801E+00    0.824808418750762939E+01    0.132923722267150879E+00    0.493986524939537031E+01   -0.352350224852561977E+01   -0.810191518068315020E+00    0.166472280025482178E+01   -0.103468248248100281E+01
    0.333333333333333572E-02    0.222758097810389594E+15    0.180501437187194824E+02    0.119720578193664551E+00    0.456639528274536133E+01    0.998014390468597412E+01    0.141472322136163697E+02   -0.482725340127944769E+00   -0.813848108053214503E-01    0.155700403451919556E+01    0.469817906618118286E+00
    0.333333333333333572E-02    0.222758097810389594E+15    0.135308504104614258E+01    0.123903775215148926E+01    0.336965978145599365E+01    0.828580439090728760E+01    0.387223922014236432E+01    0.182266835570335406E+01   -0.362548253238201212E+01    0.612359881401062012E+00   -0.158696272969245911E+01
    0.333333333333333572E-02    0.222758097810389594E+15    0.197321629524230957E+02    0.140822243690490723E+01    0.648453414440155029E+01    0.163645327091217041E+01    0.718419863879680598E+01   -0.271459469795227060E+01   -0.933207717835903239E+01    0.342391288280487061E+01   -0.900833413004875183E+00
    0.333333333333333572E-02    0.222758097810389594E+15    0.743906497955322266E+01    0.196754145622253418E+01    0.546089828014373779E+01    0.312361299991607666E+01    0.107432947844266877E+02   -0.379303169250488459E+00   -0.165995756387710536E+01    0.341637140512466431E+01   -0.599595189094543457E+00
    0.333333333333333572E-02    0.222758097810389594E+15    0.191479623317718506E+02    0.148996126651763916E+01    0.712511003017425537E+01    0.867459416389465332E+01    0.886129274368285991E+01    0.139826850295066851E+01   -0.872172046303749049E+01    0.193359708786010742E+01    0.315772473812103271E+00
    0.333333333333333572E-02    0.222758097810389594E+15    0.453567504882812500E-01    0.257462024688720703E+00    0.947162926197052002E+01    0.943019449710845947E+01    0.898063622117042470E+01   -0.341394760012626675E+01   -0.517275932431221008E+01    0.136034893989562988E+01   -0.123348888754844666E+01
    0.333333333333333572E-02    0.222758097810389594E+15    0.690922856330871582E+01    0.172047019004821777E+01    0.585856854915618896E+01    0.307658195495605469E+01    0.123174270242452621E+02    0.179461466670036351E+01   -0.245019233524799418E+01    0.266881060600280762E+01   -0.108731976151466370E+01
    0.333333333333333572E-02    0.222758097810389594E+15    0.917086958885192871E+01    0.438852548599243164E+00    0.954483389854431152E+01    0.392904460430145264E+01    0.211828669309616080E+01   -0.270071015357971200E+01   -0.816956876516342234E+01    0.939283609390258789E+00   -0.124519740045070648E+01
    0.333333333333333572E-02    0.222758097810389594E+15    0.131333518028259277E+02    0.124164652824401855E+01    0.364986419677734375E+01    0.217127621173858643E+01    0.261053087413310969E+01   -0.679094171524047940E+00   -0.569503818750381452E+01    0.209336733818054199E+01   -0.182544812560081482E+00
    0.333333333333333572E-02    0.222758097810389594E+15    0.484589695930480957E+01    0.158898043632507324E+01    0.304487705230712891E+01    0.102919757366180420E+01    0.132367764204740510E+02   -0.202339156270027143E+01   -0.141220891177654373E+01    0.609384238719940186E+00   -0.360592529177665710E+00
    0.333333333333333572E-02    0.222758097810389594E+15    0.104946696758270264E+02    0.172189867496490479E+01    0.326046943664550781E+00    0.106541872024536133E+01    0.127468316704034805E+02    0.816222316026687267E+00   -0.121809104382991862E+01    0.340210562944412231E+01   -0.359827294945716858E+00
    0.333333333333333572E-02    0.222758097810389594E+15    0.195811367034912109E+02    0.696415781974792480E+00    0.977136552333831787E+01    0.181154310703277588E+01    0.766061618924140841E+01   -0.208241897225379979E+01   -0.942663673758506704E+01    0.902220845222473145E+00   -0.181621864438056946E+00
    0.333333333333333572E-02    0.222758097810389594E+15    0.175305771827697754E+02    0.112297141551971436E+01    0.198545277118682861E+01    0.514486670494079590E+01    0.719508678019046766E+01   -0.576493722200393854E+00   -0.719016572833061218E+01    0.246336162090301514E+01   -0.980498641729354858E-01
    0.333333333333333572E-02    0.222758097810389594E+15    0.137027311325073242E+02    0.834147930145263672E-01    0.372953951358795166E+01    0.221714735031127930E+01    0.373135719895362827E+01   -0.207671175003051767E+01   -0.196442613899707830E+01    0.557984888553619385E+00   -0.160110843181610107E+01
    0.333333333333333572E-02    0.222758097810389594E+15    0.227779746055603027E+01    0.121706140041351318E+01    0.227787137031555176E+01    0.474303960800170898E+00    0.753470787107944417E+01    0.287837615013122594E+01    0.979257521033286338E+00    0.338730555772781372E+01    0.330196321010589600E-02
    0.333333333333333572E-02    0.222758097810389594E+15    0.571078062057495117E+01    0.156872272491455078E-01    0.625769019126892090E+01    0.940355598926544189E+01    0.223961081504821768E+01   -0.323552791476249713E+01   -0.866071192920207977E+01    0.209175354242324829E+01   -0.452258095145225525E+00
    0.333333333333333572E-02    0.222758097810389594E+15    0.652892112731933594E+01    0.123135590553283691E+01    0.775056362152099609E+01    0.691986978054046631E+01    0.900562584102153707E+01   -0.244822078347206151E+01   -0.871715335249900747E+01    0.318349325656890869E+01   -0.767950475215911865E+00
    0.333333333333333572E-02    0.222758097810389594E+15    0.117068529129028320E+01    0.823483228683471680E+00    0.427063703536987305E+00    0.119174957275390625E+01    0.101830402433872216E+02    0.216037576198577863E+01    0.147830053269863093E+01    0.234547585248947144E+01   -0.700098365545272827E+00
    0.333333333333333572E-02    0.222758097810389594E+15    0.577862739562988281E+01    0.170805716514587402E+01    0.827005028724670410E+01    0.680607855319976807E+01    0.104250053733587258E+02    0.339411187171935858E+00   -0.765785722136497515E+01    0.112048381567001343E+01    0.108219653367996216E+00
    0.333333333333333572E-02    0.222758097810389594E+15    0.129997992515563965E+02    0.492678165435791016E+00    0.734192371368408203E+01    0.872808396816253662E+01    0.337428698539733851E+01    0.245076714158058184E+01   -0.933458011448383296E+01    0.716876626014709473E+00    0.472197428345680237E+00
    0.333333333333333572E-02    0.222758097810389594E+15    0.161529374122619629E+02    0.716255784034729004E+00    0.592932164669036865E+01    0.927368700504302979E+01    0.421772737205028569E+01   -0.255612705349922198E+01   -0.345919255614280718E+01    0.151327973604202271E+01   -0.809899419546127319E+00
    0.333333333333333572E-02    0.222758097810389594E+15    0.125289678573608398E+01    0.154062676429748535E+01    0.294426083564758301E+00    0.357588171958923340E+01    0.632268545031547546E+01    0.149774904251098651E+01   -0.989457752704620397E+01    0.782805323600769043E+00   -0.179792061448097229E+00
    0.333333333333333572E-02    0.222758097810389594E+15    0.133956193923950195E+01    0.490162253379821777E+00    0.755915939807891846E+01    0.810968041419982910E+01    0.250338001549243927E+01   -0.161473232507705688E+01   -0.876651808619499207E+00    0.134829866886138916E+01   -0.121975946426391602E+01
    0.333333333333333572E-02    0.222758097810389594E+15    0.121436679363250732E+02    0.129973518848419189E+01    0.733007788658142090E+00    0.245537340641021729E+01    0.222981179654598227E+01   -0.195512451529502873E+01   -0.823975710570812225E+01    0.107404243946075439E+01   -0.872526183724403381E+00
    0.333333333333333572E-02    0.222758097810389594E+15    0.166056013107299805E+02    0.131710445880889893E+01    0.159086525440216064E+01    0.783250391483306885E+01    0.543340773284435219E+01   -0.219411922693252581E+01    0.314154598116873629E+00    0.274018400907516479E+01   -0.145329068601131439E+01
    0.333333333333333572E-02    0.222758097810389594E+15    0.418671727180480957E+01    0.368878483772277832E+00    0.177513420581817627E+01    0.837170541286468506E+01    0.455351762175559927E+01    0.147893720865249989E+00   -0.696853408217430115E+01    0.170197385549545288E+01   -0.130504687130451202E+01
    0.333333333333333572E-02    0.222758097810389594E+15    0.133410871028900146E+02    0.117143082618713379E+01    0.811346828937530518E+01    0.286252200603485107E+01    0.483865709602832794E+01   -0.141897752285003653E+01   -0.433758637905120903E+01    0.679251849651336670E+00   -0.106045301258563995E+01
    0.333333333333333572E-02    0.222758097810389594E+15    0.314839363098144531E+01    0.196549379825592041E+01    0.228969991207122803E+01    0.895492792129516602E+01    0.102514018088579171E+02    0.183079056739807111E+01    0.138486850559711350E+01    0.243827384710311890E+01   -0.118735918402671814E+01
    0.333333333333333572E-02    0.222758097810389594E+15    0.897346496582031250E+01    0.337245225906372070E+00    0.913655638694763184E+01    0.590823292732238770E+00    0.117433704942464807E+02    0.215619970560073870E+01   -0.833131656050682068E+01    0.272777378559112549E+01    0.295151382684707642E+00
    0.333333333333333572E-02    0.222758097810389594E+15    0.118350863456726074E+01    0.129397320747375488E+01    0.898953795433044434E+01    0.392502307891845703E+01    0.653926961719989741E+01   -0.294006472826004028E+01   -0.311820704042911601E+01    0.183606356382369995E+01   -0.100406600534915924E+01
    0.333333333333333572E-02    0.222758097810389594E+15    0.197283864021301270E+01    0.188101422786712646E+01    0.626277446746826172E+01    0.681539952754974365E+01    0.358153757750987989E+01    0.249475021958351117E+01    0.887133231759070995E+00    0.868722021579742432E+00    0.379682943224906921E+00
    0.333333333333333572E-02    0.222758097810389594E+15    0.111189639568328857E+02    0.645279884338378906E-02    0.494168221950531006E+01    0.833393335342407227E+00    0.501518222689628601E+01    0.264340573549270630E+01   -0.938982562720775604E+01    0.512034535408020020E+00   -0.155919395387172699E+01
    0.333333333333333572E-02    0.222758097810389594E+15    0.394492626190185547E+01    0.589993000030517578E-01    0.682710945606231689E+01    0.436228454113006592E+01    0.110416611969470964E+02   -0.311631413102149990E+01   -0.500217005312442797E+01    0.217588621377944946E+01   -0.696537464857101440E+00
    0.333333333333333572E-02    0.222758097810389594E+15    0.195420312881469727E+02    0.107723391056060791E+01    0.965795099735260010E+01    0.406004428863525391E+01    0.102828744500875473E+02   -0.129005771875381470E+01   -0.629941891133785248E+01    0.163426524400711060E+01    0.951381176710128784E-01
    0.333333333333333572E-02    0.222758097810389594E+15    0.928024172782897949E+01    0.123395800590515137E+01    0.302581191062927246E+01    0.562964916229248047E+01    0.136809509932994828E+02   -0.143196821212768555E+00   -0.123325895071029734E+01    0.924336910247802734E+00   -0.138106644153594971E+01
    0.333333333333333572E-02    0.222758097810389594E+15    0.127718269824981689E+02    0.437516689300537109E+00    0.674370288848876953E+01    0.413211584091186523E+00    0.112059582024812698E+02    0.265817344188690186E+00   -0.520395058095455187E+01    0.180660790205001831E+01    0.220790758728981018E+00
    0.333333333333333572E-02    0.222758097810389594E+15    0.185131263732910156E+02    0.521328330039978027E+00    0.343267321586608887E+00    0.210014462471008301E+01    0.934589762687683034E+01   -0.236839699149131810E+01    0.132368902564048696E+01    0.109516340494155884E+01   -0.109162122011184692E+01
    0.333333333333333572E-02    0.222758097810389594E+15    0.132258105278015137E+02    0.406773209571838379E+00    0.731878697872161865E+01    0.154766440391540527E+01    0.695270406305789912E+01   -0.481966543197631658E+00   -0.871688767373561824E+01    0.269567722082138062E+01   -0.115165978670120239E+00
    0.333333333333333572E-02    0.222758097810389594E+15    0.864337921142578125E+01    0.151538312435150146E+01    0.951044738292694092E+01    0.721440970897674561E+01    0.665909243226051295E+01    0.155491503477096593E+01   -0.199479471743106807E+01    0.349893712997436523E+01    0.271945446729660034E+00
    0.333333333333333572E-02    0.222758097810389594E+15    0.309184193611145020E+01    0.194903171062469482E+01    0.816279947757720947E+01    0.200261652469635010E+01    0.355124514102935773E+01    0.275249605774879491E+01   -0.390775802731513977E+01    0.978131830692291260E+00   -0.163527736067771912E+01
    0.333333333333333572E-02    0.222758097810389594E+15    0.519135713577270508E+01    0.405028343200683594E+00    0.852527618408203125E+00    0.312114953994750977E+00    0.338547693192958832E+01    0.145216364860534686E+01    0.125146785080432821E+01    0.935379028320312500E+00   -0.688766568899154663E+00
    0.333333333333333572E-02    0.222758097810389594E+15    0.147679615020751953E+02    0.133988583087921143E+01    0.761069774627685547E+01    0.977790951728820801E+01    0.391853427588939640E+01   -0.318304260969162023E+01   -0.182716352641582525E+01    0.780685663223266602E+00   -0.158253131806850433E+01
    0.333333333333333572E-02    0.222758097810389594E+15    0.181324172019958496E+02    0.729389786720275879E+00    0.560896396636962891E+01    0.573956549167633057E+01    0.993938160836696483E+01   -0.257751731276512164E+01    0.173571903705596853E+01    0.126364690065383911E+01    0.848204642534255981E-01
    0.333333333333333572E-02    0.222758097810389594E+15    0.159789264202117920E+02    0.166490924358367920E+01    0.863650441169738770E+00    0.948817729949951172E+01    0.654649287164211202E+01    0.141829704046249372E+01   -0.982526528537273336E+01    0.121195340156555176E+01   -0.605849698185920715E+00
    0.333333333333333572E-02    0.222758097810389594E+15    0.125981187820434570E+02    0.815696716308593750E-01    0.386604666709899902E+01    0.790221154689788818E+01    0.742841148376464755E+01   -0.417423152923583896E+00    0.118825339972972799E+01    0.109231489896774292E+01   -0.137468935549259186E+01
    0.333333333333333572E-02    0.222758097810389594E+15    0.138399362564086914E+02    0.103989553451538086E+01    0.330981075763702393E+01    0.998244285583496094E+00    0.295952413380146018E+01   -0.501771759986877619E+00   -0.185044401884079335E+00    0.217115747928619385E+01   -0.224268585443496704E-01
    0.333333333333333572E-02    0.222758097810389594E+15    0.738794803619384766E+00    0.146089029312133789E+01    0.872778296470642090E+00    0.353263974189758301E+01    0.810500148534774745E+01   -0.592154961824417292E+00   -0.355855427682399750E+01    0.334040480852127075E+01   -0.169568111002445221E+01
    0.333333333333333572E-02    0.222758097810389594E+15    0.147158098220825195E+02    0.143768858909606934E+01    0.386577367782592773E+01    0.993983924388885498E+01    0.109790431916713693E+02   -0.219385724663734472E+01   -0.548310132324695587E+01    0.287758642435073853E+01   -0.159586095809936523E+01
    0.333333333333333572E-02    0.222758097810389594E+15    0.110497033596038818E+02    0.105483102798461914E+01    0.833924174308776855E+01    0.669821202754974365E+01    0.140808296799659729E+02   -0.776818579435348600E+00   -0.276868490278720891E+01    0.785205185413360596E+00    0.529507249593734741E-01
    0.333333333333333572E-02    0.222758097810389594E+15    0.886595487594604492E+01    0.164635252952575684E+01    0.884094893932342529E+01    0.554813504219055176E+01    0.718674429953098226E+01    0.149624353647231700E+00   -0.622735586166381871E+01    0.179967546463012695E+01   -0.569462314248085022E+00
    0.333333333333333572E-02    0.222758097810389594E+15    0.148430192470550537E+02    0.133429193496704102E+01    0.118346333503723145E+01    0.213136374950408936E+01    0.303211328685283643E+01    0.177005391120910627E+01   -0.867465757131576609E+01    0.306299519538879395E+01   -0.112969852983951569E+01
    0.333333333333333572E-02    0.222758097810389594E+15    0.141142845153808594E+01    0.175105834007263184E+01    0.344671368598937988E+01    0.170225024223327637E+01    0.348451069891452736E+01   -0.361281367540359533E+01   -0.622119823992252385E+01    0.233105987310409546E+01   -0.121506251394748688E+01
    0.333333333333333572E-02    0.222758097810389594E+15    0.864121079444885254E+01    0.119873714447021484E+01    0.938397228717803955E+01    0.335063636302947998E+01    0.119450666368007639E+02   -0.496535032987594604E+00   -0.965460478663444555E+01    0.257542037963867188E+01   -0.128730365633964539E+01
    0.333333333333333572E-02    0.222758097810389594E+15    0.118667137622833252E+02    0.123300206661224365E+01    0.549924790859222412E+01    0.326269805431365967E+01    0.940228964686393809E+01    0.236591637134552002E+01   -0.435114098191261345E+01    0.663178265094757080E+00   -0.312800258398056030E+00
    0.333333333333333572E-02    0.222758097810389594E+15    0.612979650497436523E+01    0.115997672080993652E+00    0.772946298122406006E+01    0.832876980304718018E+01    0.742973680198192543E+01    0.286877048015594482E+01   -0.663889796435833013E+01    0.170927125215530396E+01   -0.917087733745574951E+00
    0.333333333333333572E-02    0.222758097810389594E+15    0.118061542510986328E+02    0.192181324958801270E+01    0.153838396072387695E+00    0.919224858283996582E+01    0.278750137984752655E+01    0.211126124262809789E+01   -0.429186114072799718E+01    0.249476045370101929E+01   -0.336272001266479492E+00
    0.333333333333333572E-02    0.222758097810389594E+15    0.124905693531036377E+02    0.187052214145660400E+01    0.641213774681091309E+01    0.239333331584930420E+01    0.894023524224758148E+01   -0.272150283455848729E+01   -0.640448310971260071E+01    0.309599655866622925E+01    0.495987415313720703E+00
    0.333333333333333572E-02    0.222758097810389594E+15    0.178442311286926270E+02    0.761565208435058594E+00    0.101858377456665039E+01    0.186681687831878662E+01    0.775497467815875918E+01    0.228707469701766986E+01   -0.440581311285495758E+01    0.156714403629302979E+01   -0.846217870712280273E-01
    0.333333333333333572E-02    0.222758097810389594E+15    0.210302829742431641E+01    0.134891438484191895E+01    0.345099091529846191E+01    0.733484566211700439E+01    0.381096737384796125E+01   -0.164661865830421439E+01   -0.996345528066158259E+01    0.797103285789489746E+00   -0.211603865027427673E+00
    0.333333333333333572E-02    0.222758097810389594E+15    0.105080246925354004E+02    0.654261350631713867E+00    0.631740272045135498E+01    0.547764480113983154E+01    0.139231253027915933E+02    0.126374964118003863E+01   -0.985201906561851537E+01    0.295952916145324707E+01   -0.689812362194061279E+00
    0.333333333333333572E-02    0.222758097810389594E+15    0.543519496917724609E+01    0.902664661407470703E-01    0.227011501789093018E+01    0.417845427989959717E+01    0.148680108100175836E+02    0.112326486706733686E+01    0.306968450546264648E+00    0.106287997961044312E+01   -0.134936179220676422E+01
    0.333333333333333572E-02    0.222758097810389594E+15    0.158410966396331787E+02    0.139821171760559082E+01    0.173650383949279785E+00    0.217536687850952148E+00    0.467184916436672193E+01   -0.368233757019042995E+01   -0.102111980021000015E+01    0.344123941659927368E+01    0.281077563762664795E+00
    0.333333333333333572E-02    0.222758097810389594E+15    0.171188211441040039E+02    0.690143823623657227E+00    0.960894525051116943E+01    0.579991519451141357E+01    0.932714634239673579E+01   -0.166790486574172991E+01   -0.949906732141971588E+01    0.279493558406829834E+01    0.158804506063461304E-01
