Nested Sampling Global Log-Evidence           :   -0.170475677296846523E+06  +/-    0.637416022914853109E+00

Local Mode Properties
-------------------------------------------

Total Modes Found:           3


Mode   1
Strictly Local Log-Evidence   -0.170475677304392098E+06 +/-    0.139095612350455378E+01
Local Log-Evidence   -0.170475677304392098E+06 +/-    0.637416172432196171E+00

Dim No.       Mean        Sigma
   1    0.123506821534638913E+02    0.215619297966172449E-01
   2    0.167336162525312214E-01    0.511867206968616168E-02
   3    0.733133161159831959E+00    0.782798752673700298E-04
   4    0.631421420514998055E+00    0.865496388036825562E-02
   5    0.577359468126372680E-03    0.168048225169465546E-04
   6   -0.998585700933701403E+01    0.102052111307550774E-01
   7    0.149163578481911614E+02    0.746699455363792342E-01
   8    0.250782670035890787E+01    0.248467838653935362E-02
   9    0.944762832699071575E+00    0.161150711234193272E-03
  10    0.335729248073730435E+01    0.375972071834351123E-02
  11   -0.199736049885034261E+01    0.440981698026513935E-03
  12   -0.671443472756696735E+01    0.850581421876900473E-01
  13    0.228200467974060484E+01    0.311876791266057496E-01
  14   -0.244157663980815487E+01    0.102121242239991208E+00
  15    0.576605126827190007E+00    0.195770506457797921E+00
  16    0.162455689775235612E+01    0.255390907768726430E-01
  17   -0.172576909450362992E+01    0.440130452975822858E-01

Maximum Likelihood Parameters
Dim No.        Parameter
   1    0.123372995817946531E+02
   2    0.190284098516198159E-01
   3    0.733083736895899896E+00
   4    0.638709777351429087E+00
   5    0.566404801940427211E-03
   6   -0.999335532108273128E+01
   7    0.149479707856858681E+02
   8    0.250882566480901925E+01
   9    0.944817349161445108E+00
  10    0.335858344315190527E+01
  11   -0.199756488267793708E+01
  12   -0.677299616972390695E+01
  13    0.227990202516228457E+01
  14   -0.251370918888425399E+01
  15    0.636529663504246557E+00
  16    0.163809932138008030E+01
  17   -0.175541130465648298E+01

MAP Parameters
Dim No.        Parameter
   1    0.123372995817946531E+02
   2    0.190284098516198159E-01
   3    0.733083736895899896E+00
   4    0.638709777351429087E+00
   5    0.566404801940427211E-03
   6   -0.999335532108273128E+01
   7    0.149479707856858681E+02
   8    0.250882566480901925E+01
   9    0.944817349161445108E+00
  10    0.335858344315190527E+01
  11   -0.199756488267793708E+01
  12   -0.677299616972390695E+01
  13    0.227990202516228457E+01
  14   -0.251370918888425399E+01
  15    0.636529663504246557E+00
  16    0.163809932138008030E+01
  17   -0.175541130465648298E+01


Mode   2
Strictly Local Log-Evidence   -0.170487471834585012E+06 +/-    0.182363459081053469E+01
Local Log-Evidence   -0.170487471834585012E+06 +/-    0.657520802487717382E+00

Dim No.       Mean        Sigma
   1    0.121283910127552943E+02    0.838729544674676475E-01
   2    0.297150186339383837E-01    0.117282689101173270E-01
   3    0.733051259914576314E+00    0.211709197762530719E-03
   4    0.630200445418938382E+00    0.646931451979298761E-02
   5    0.342026554654633686E-03    0.554725512618582848E-04
   6   -0.978687656645366744E+01    0.139967788032426075E-01
   7    0.113973987111224151E+02    0.237456938116002547E+00
   8    0.244215383296538846E+01    0.418106528257574696E-02
   9    0.949321848127896550E+00    0.489421931121328236E-03
  10    0.341314551400209742E+01    0.618627033518820077E-02
  11   -0.197161858480032870E+01    0.865173574948258951E-02
  12   -0.728731816099074070E+01    0.485706049406843393E-01
  13    0.461081735262753156E+01    0.482450455321990379E+00
  14   -0.556087358358077988E+00    0.643167887874943167E+00
  15   -0.672049802669769836E+01    0.297225567719790751E+00
  16    0.211425457441246412E+01    0.346714807298340519E-01
  17   -0.106267405451204056E+01    0.314716520657310539E+00

Maximum Likelihood Parameters
Dim No.        Parameter
   1    0.121006587571248936E+02
   2    0.303905932412304562E-01
   3    0.733146103074044597E+00
   4    0.634645942425940857E+00
   5    0.346265003868862918E-03
   6   -0.977866368834184740E+01
   7    0.114176362329118994E+02
   8    0.243956814879092398E+01
   9    0.949597660083936645E+00
  10    0.341548991273145308E+01
  11   -0.197017572328527524E+01
  12   -0.731337295982531721E+01
  13    0.473399531205755775E+01
  14   -0.466427594941606571E+00
  15   -0.686588022072124993E+01
  16    0.213319710286306208E+01
  17   -0.115016409809180553E+01

MAP Parameters
Dim No.        Parameter
   1    0.121006587571248936E+02
   2    0.303905932412304562E-01
   3    0.733146103074044597E+00
   4    0.634645942425940857E+00
   5    0.346265003868862918E-03
   6   -0.977866368834184740E+01
   7    0.114176362329118994E+02
   8    0.243956814879092398E+01
   9    0.949597660083936645E+00
  10    0.341548991273145308E+01
  11   -0.197017572328527524E+01
  12   -0.731337295982531721E+01
  13    0.473399531205755775E+01
  14   -0.466427594941606571E+00
  15   -0.686588022072124993E+01
  16    0.213319710286306208E+01
  17   -0.115016409809180553E+01


Mode   3
Strictly Local Log-Evidence   -0.170545696453069511E+06 +/-    0.731900743297573597E+00
Local Log-Evidence   -0.170545696453069511E+06 +/-    0.594598973998303526E+00

Dim No.       Mean        Sigma
   1    0.123177079167599182E+02    0.668490692384120788E-01
   2    0.138347053338756271E+00    0.733801511958676132E-02
   3    0.733126025577837348E+00    0.125673055986115322E-03
   4    0.585037442587414414E+00    0.108520004103323693E-01
   5    0.455141959177661124E-03    0.310343056662178835E-04
   6   -0.997671345889589922E+01    0.167965201999330203E-01
   7    0.146378705051498468E+02    0.267746967800546243E+00
   8    0.244859019691698387E+01    0.762175502448564097E-02
   9    0.949054176766764623E+00    0.476116431438917097E-03
  10    0.344683414927973519E+01    0.100113464303603853E-01
  11   -0.198557899442679031E+01    0.236034143631299112E-02
  12   -0.733380969052154885E+01    0.928016556959345429E-01
  13    0.143266997105083806E+02    0.492954867496678995E+00
  14   -0.239971220829378540E+01    0.154029286403289167E+00
  15   -0.944132200156018797E+01    0.166924340295643181E+00
  16    0.226671682325372537E+01    0.434233758362112809E-01
  17   -0.117843492535105065E+01    0.957309979398014016E-01

Maximum Likelihood Parameters
Dim No.        Parameter
   1    0.123732700705056189E+02
   2    0.133964696612808465E+00
   3    0.733016230095156374E+00
   4    0.592021783048872763E+00
   5    0.459096705484941445E-03
   6   -0.999206468445682638E+01
   7    0.145498027842624289E+02
   8    0.245899714153171889E+01
   9    0.948869750177541604E+00
  10    0.343098479098313103E+01
  11   -0.198668873522316169E+01
  12   -0.744907704389544456E+01
  13    0.141718001749990670E+02
  14   -0.246459610414116748E+01
  15   -0.934006892923039445E+01
  16    0.230363279364220341E+01
  17   -0.117955238492441228E+01

MAP Parameters
Dim No.        Parameter
   1    0.123732700705056189E+02
   2    0.133964696612808465E+00
   3    0.733016230095156374E+00
   4    0.592021783048872763E+00
   5    0.459096705484941445E-03
   6   -0.999206468445682638E+01
   7    0.145498027842624289E+02
   8    0.245899714153171889E+01
   9    0.948869750177541604E+00
  10    0.343098479098313103E+01
  11   -0.198668873522316169E+01
  12   -0.744907704389544456E+01
  13    0.141718001749990670E+02
  14   -0.246459610414116748E+01
  15   -0.934006892923039445E+01
  16    0.230363279364220341E+01
  17   -0.117955238492441228E+01
