 F
       32094       55949           3         200
   -0.669904841342562759E+04   -0.654038600372332803E+04
 T
   2
    0.200000000000000000E+01    0.300000000000000000E+01    0.694999999999999951E+00    0.304999999999999993E+00
   0
   0
 T T     0           0
    0.000000000000000000E+00   -0.100000000000000002+101    0.000000000000000000E+00
 T F     1         139
    0.217736501138439126E-70   -0.669904841342562759E+04   -0.654038600372332803E+04
 T F     1          61
    0.121165505181393054E-66   -0.712334526074855330E+04   -0.697374610356556332E+04
