Nested Sampling Global Log-Evidence           :   -0.622789966993217604E+04  +/-    0.470630861815862223E+00

Local Mode Properties
-------------------------------------------

Total Modes Found:           8


Mode   1
Strictly Local Log-Evidence   -0.626968593892709941E+04 +/-    0.173609854342566283E+01
Local Log-Evidence   -0.626968593892709941E+04 +/-    0.459328499740577323E+00

Dim No.       Mean        Sigma
   1    0.474174862312929102E-01    0.628023463600735268E-02
   2    0.184293719170552761E+00    0.456616079245178528E-02
   3    0.301042734550893339E-04    0.129755373205630605E-05
   4   -0.632040373399221078E+01    0.392230892903306094E-01
   5    0.948187378842465556E+01    0.221684711001183282E+00
   6   -0.281378001134160716E+01    0.222227105821771083E-01
   7   -0.553483969922920416E+01    0.161369221778982302E+00
   8    0.132388510520255243E+01    0.262496154157790748E-01
   9    0.377290434115596096E+00    0.672205598163327506E-01

Maximum Likelihood Parameters
Dim No.        Parameter
   1    0.411274790547867530E-01
   2    0.187838242216825907E+00
   3    0.311226723232222325E-04
   4   -0.632839227308877739E+01
   5    0.952808789852441862E+01
   6   -0.282854991991798732E+01
   7   -0.564473472345107741E+01
   8    0.132482490028794109E+01
   9    0.450006728048561566E+00

MAP Parameters
Dim No.        Parameter
   1    0.411274790547867530E-01
   2    0.187838242216825907E+00
   3    0.311226723232222325E-04
   4   -0.632839227308877739E+01
   5    0.952808789852441862E+01
   6   -0.282854991991798732E+01
   7   -0.564473472345107741E+01
   8    0.132482490028794109E+01
   9    0.450006728048561566E+00


Mode   2
Strictly Local Log-Evidence   -0.626733119377364164E+04 +/-    0.141563118688735479E+01
Local Log-Evidence   -0.626733119377364164E+04 +/-    0.497153334226171195E+00

Dim No.       Mean        Sigma
   1    0.139402542753501724E-01    0.449057132757052502E-02
   2    0.198087905755079147E+00    0.450427762895123582E-02
   3    0.340758140344837022E-04    0.238492253840871419E-05
   4   -0.705397984322071814E+01    0.104200287268781333E+00
   5    0.900469734943235167E+01    0.109684002213380261E+00
   6   -0.249356462995177353E+01    0.338551438601980767E-01
   7   -0.627615119039908098E+01    0.156256650930333640E+00
   8    0.178868013437437123E+01    0.702311631923129009E-01
   9   -0.445926287355396966E+00    0.240803693506308342E-01

Maximum Likelihood Parameters
Dim No.        Parameter
   1    0.129385687945320835E-01
   2    0.197750349795022484E+00
   3    0.343706801991586401E-04
   4   -0.710806838540310437E+01
   5    0.894446649165155705E+01
   6   -0.248815669787478866E+01
   7   -0.628408011718453441E+01
   8    0.182354865816190781E+01
   9   -0.476373193345390966E+00

MAP Parameters
Dim No.        Parameter
   1    0.129385687945320835E-01
   2    0.197750349795022484E+00
   3    0.343706801991586401E-04
   4   -0.710806838540310437E+01
   5    0.894446649165155705E+01
   6   -0.248815669787478866E+01
   7   -0.628408011718453441E+01
   8    0.182354865816190781E+01
   9   -0.476373193345390966E+00


Mode   3
Strictly Local Log-Evidence   -0.626187588268350100E+04 +/-    0.182418168061776909E+01
Local Log-Evidence   -0.626187588268350100E+04 +/-    0.482633107311356224E+00

Dim No.       Mean        Sigma
   1    0.155988517219927042E+00    0.521978716798159829E-02
   2    0.983194535674875997E-01    0.237595762066604909E-02
   3    0.115210380094026884E-04    0.306249355424868339E-05
   4   -0.721351943852940547E+01    0.646378007455564174E-01
   5    0.752372448871741373E+01    0.145438688927967463E+00
   6   -0.232192921794515961E+01    0.358626788956968104E-01
   7   -0.484202711474144376E+01    0.275899414573669011E+00
   8    0.190262835852136347E+01    0.280637390096946902E-01
   9   -0.164036844426162132E+01    0.388673000423915144E-01

Maximum Likelihood Parameters
Dim No.        Parameter
   1    0.155197151367371167E+00
   2    0.966930416129804515E-01
   3    0.124927632700345090E-04
   4   -0.725309541442577466E+01
   5    0.745743448533350595E+01
   6   -0.231332199995999854E+01
   7   -0.485494443733624070E+01
   8    0.191829494616103524E+01
   9   -0.163442754937556334E+01

MAP Parameters
Dim No.        Parameter
   1    0.155197151367371167E+00
   2    0.966930416129804515E-01
   3    0.124927632700345090E-04
   4   -0.725309541442577466E+01
   5    0.745743448533350595E+01
   6   -0.231332199995999854E+01
   7   -0.485494443733624070E+01
   8    0.191829494616103524E+01
   9   -0.163442754937556334E+01


Mode   4
Strictly Local Log-Evidence   -0.622938402529356517E+04 +/-    0.106773957231416783E+01
Local Log-Evidence   -0.622866822331790627E+04 +/-    0.467116538625965638E+00

Dim No.       Mean        Sigma
   1    0.110296906702871914E+00    0.675656793259979470E-03
   2    0.107461092655074752E+00    0.944336619192106923E-03
   3    0.344789881345515634E-04    0.306072778771788793E-06
   4   -0.728145065150037674E+01    0.181850562720625233E-01
   5    0.821679681707260556E+01    0.431729343915546182E-01
   6   -0.287892802734541764E+01    0.184389266568870704E-01
   7   -0.527243285353507751E+01    0.386084158170565198E-01
   8    0.191557812933952265E+01    0.791580631322815267E-02
   9   -0.149566057594462731E+01    0.303853598167325885E-01

Maximum Likelihood Parameters
Dim No.        Parameter
   1    0.110414182790358195E+00
   2    0.107439229831685953E+00
   3    0.344955169666663484E-04
   4   -0.726482939098447922E+01
   5    0.830832142556934272E+01
   6   -0.288518174080191070E+01
   7   -0.528528164169729475E+01
   8    0.190743168900058269E+01
   9   -0.144747059315300497E+01

MAP Parameters
Dim No.        Parameter
   1    0.110414182790358195E+00
   2    0.107439229831685953E+00
   3    0.344955169666663484E-04
   4   -0.726482939098447922E+01
   5    0.830832142556934272E+01
   6   -0.288518174080191070E+01
   7   -0.528528164169729475E+01
   8    0.190743168900058269E+01
   9   -0.144747059315300497E+01


Mode   5
Strictly Local Log-Evidence   -0.622926014964478782E+04 +/-    0.981658191662592494E+00
Local Log-Evidence   -0.622852270046766807E+04 +/-    0.466614451467209701E+00

Dim No.       Mean        Sigma
   1    0.111300085061058138E+00    0.138205695762849711E-02
   2    0.107975195384567776E+00    0.690486538993775314E-03
   3    0.353054807121941667E-04    0.280350233090394288E-06
   4   -0.722875534554400812E+01    0.156121592723592745E-01
   5    0.799281492746424060E+01    0.643445128108352665E-01
   6   -0.292505763748802661E+01    0.920958480426116617E-02
   7   -0.510090359581499531E+01    0.424681175464345362E-01
   8    0.189813963218815962E+01    0.207992515333027331E-01
   9   -0.155700227492829635E+01    0.299204110454230274E-01

Maximum Likelihood Parameters
Dim No.        Parameter
   1    0.111243883187107928E+00
   2    0.106865642345862516E+00
   3    0.355225820391198390E-04
   4   -0.723337634736212287E+01
   5    0.798353686027205089E+01
   6   -0.292476884895034717E+01
   7   -0.512515835673894848E+01
   8    0.189238375627080124E+01
   9   -0.154336552331767085E+01

MAP Parameters
Dim No.        Parameter
   1    0.111243883187107928E+00
   2    0.106865642345862516E+00
   3    0.355225820391198390E-04
   4   -0.723337634736212287E+01
   5    0.798353686027205089E+01
   6   -0.292476884895034717E+01
   7   -0.512515835673894848E+01
   8    0.189238375627080124E+01
   9   -0.154336552331767085E+01


Mode   6
Strictly Local Log-Evidence   -0.625661195965094339E+04 +/-    0.170281221270653949E+01
Local Log-Evidence   -0.625661195949934427E+04 +/-    0.461123700884038035E+00

Dim No.       Mean        Sigma
   1    0.122000031451941299E+00    0.717704673990364125E-02
   2    0.119948228240350410E+00    0.556101388016380475E-02
   3    0.247302277709734405E-04    0.170771852853407127E-05
   4   -0.720395687236648641E+01    0.242149394641341074E-01
   5    0.891407324238701193E+01    0.276487593305689783E+00
   6   -0.236337712587044324E+01    0.100487220562341717E+00
   7   -0.533174102550966467E+01    0.448049124326651060E+00
   8    0.196374617279285557E+01    0.116261001702043232E-01
   9   -0.148496863061830586E+01    0.127061255758848968E+00

Maximum Likelihood Parameters
Dim No.        Parameter
   1    0.115576714908604494E+00
   2    0.123653279267708915E+00
   3    0.262910703545512079E-04
   4   -0.720995395139969908E+01
   5    0.924684076827244716E+01
   6   -0.233295169158907134E+01
   7   -0.571460518564801756E+01
   8    0.197453174507659668E+01
   9   -0.134148885395214101E+01

MAP Parameters
Dim No.        Parameter
   1    0.115576714908604494E+00
   2    0.123653279267708915E+00
   3    0.262910703545512079E-04
   4   -0.720995395139969908E+01
   5    0.924684076827244716E+01
   6   -0.233295169158907134E+01
   7   -0.571460518564801756E+01
   8    0.197453174507659668E+01
   9   -0.134148885395214101E+01


Mode   7
Strictly Local Log-Evidence   -0.629647175526886167E+04 +/-    0.164294305915860539E+01
Local Log-Evidence   -0.629647031922919086E+04 +/-    0.424107026455289693E+00

Dim No.       Mean        Sigma
   1    0.109174626891875765E+00    0.742353250896502295E-02
   2    0.137202318226971098E+00    0.473981895739587593E-02
   3    0.251042838520179662E-04    0.210764672969209278E-05
   4   -0.736184827325072177E+01    0.437098148715379664E-01
   5    0.958168007195388327E+01    0.166035525789461375E+00
   6   -0.164783437730781146E+01    0.108251227653389057E+00
   7   -0.486848219379133518E+01    0.328130943113566054E+00
   8    0.201247067589447548E+01    0.198328411664829597E-01
   9   -0.119049838781943285E+01    0.718961138673676892E-01

Maximum Likelihood Parameters
Dim No.        Parameter
   1    0.112654626973835034E+00
   2    0.136754041167404888E+00
   3    0.220183493084790449E-04
   4   -0.734283808989170517E+01
   5    0.945616848569052237E+01
   6   -0.169339789977669231E+01
   7   -0.486733324131461398E+01
   8    0.200068419959030752E+01
   9   -0.122382320601695005E+01

MAP Parameters
Dim No.        Parameter
   1    0.112654626973835034E+00
   2    0.136754041167404888E+00
   3    0.220183493084790449E-04
   4   -0.734283808989170517E+01
   5    0.945616848569052237E+01
   6   -0.169339789977669231E+01
   7   -0.486733324131461398E+01
   8    0.200068419959030752E+01
   9   -0.122382320601695005E+01


Mode   8
Strictly Local Log-Evidence   -0.628078923181381560E+04 +/-    0.120121534990103029E+01
Local Log-Evidence   -0.628078923181381560E+04 +/-    0.470369509267417385E+00

Dim No.       Mean        Sigma
   1    0.116898094958594850E+00    0.581177745803231754E-02
   2    0.108150472987461624E+00    0.492415634224485990E-02
   3    0.481162417994889581E-04    0.915916679619805722E-05
   4   -0.858663005868339724E+01    0.106773416861676476E+00
   5    0.143220658019003615E+02    0.253205114088712047E+00
   6    0.129718096732946075E+01    0.599749438156146064E-01
   7   -0.856731557227279694E+01    0.354415014017420371E+00
   8    0.234625107350137840E+01    0.689703155880824342E-01
   9    0.442447504297315608E+00    0.371950764921826771E-01

Maximum Likelihood Parameters
Dim No.        Parameter
   1    0.118081427815734913E+00
   2    0.109729558728761806E+00
   3    0.458578967931395435E-04
   4   -0.857215195576824485E+01
   5    0.143213183776458912E+02
   6    0.131678426975735618E+01
   7   -0.858219201030209611E+01
   8    0.233711884810988213E+01
   9    0.420793729280553475E+00

MAP Parameters
Dim No.        Parameter
   1    0.118081427815734913E+00
   2    0.109729558728761806E+00
   3    0.458578967931395435E-04
   4   -0.857215195576824485E+01
   5    0.143213183776458912E+02
   6    0.131678426975735618E+01
   7   -0.858219201030209611E+01
   8    0.233711884810988213E+01
   9    0.420793729280553475E+00
