 F
       12711      227422           3         300
   -0.171181109653729451E+06   -0.171149379474105051E+06
 T
   2
    0.200000000000000000E+01    0.300000000000000000E+01    0.213333333333333347E+00    0.786666666666666625E+00
   0
   0
 T T     0           0
    0.000000000000000000E+00   -0.100000000000000002+101    0.000000000000000000E+00
 T F     1          64
    0.611787990606604273E-17   -0.171181543224672409E+06   -0.171147287295608694E+06
 T F     1         236
    0.351930012759616730E-18   -0.171182154318622954E+06   -0.171153234303022211E+06
