 F
        9483     7776928           3         300
   -0.255655034136769937E+05   -0.255229639833538095E+05
 T
   2
    0.200000000000000000E+01    0.300000000000000000E+01    0.946666666666666656E+00    0.533333333333333368E-01
   0
   0
 T T     0           0
    0.000000000000000000E+00   -0.100000000000000002+101    0.000000000000000000E+00
 T F     1         284
    0.110955861453101732E-12   -0.256192524659555493E+05   -0.255955497240095792E+05
 T F     1          16
    0.112066979049946055E-20   -0.255655034136769937E+05   -0.255229639833538095E+05
