Nested Sampling Global Log-Evidence           :   -0.800771969189432093E+04  +/-    0.769331513308752823E+00

Local Mode Properties
-------------------------------------------

Total Modes Found:           4


Mode   1
Strictly Local Log-Evidence   -0.800771969189432093E+04 +/-    0.133923426489637443E+01
Local Log-Evidence   -0.800771969189432093E+04 +/-    0.769331513308752823E+00

Dim No.       Mean        Sigma
   1    0.126327746280467418E+00    0.843137543306460291E-02
   2    0.461135284717967969E-01    0.163139322464786393E-01
   3    0.149558848279541978E+01    0.118759567667129751E+00
   4    0.166194159267074870E+00    0.118058231846512891E-01
   5    0.880869867989687999E-01    0.729030894191957587E-02
   6    0.101434120680874966E-03    0.688430752761436843E-05
   7   -0.459235490955496850E+01    0.744666585186518626E-01
   8    0.774285703621483723E+01    0.129948300199207289E+01
   9   -0.167026160035138815E+01    0.249085679589147319E+00
  10   -0.534351532196341505E+01    0.396697897144296152E+00
  11    0.211743491874306677E+01    0.316176186918120036E-01
  12   -0.148162407034982263E+00    0.204959882942907234E+00
  13   -0.875086433895993387E+01    0.404274683420239755E+00
  14    0.928497803663247190E+01    0.792144131230584470E+00
  15   -0.153124937069628242E+01    0.237700456063398596E+00
  16   -0.481798855944381987E+01    0.703260957710772905E+00
  17    0.797760975944012074E+00    0.142011793419200005E+00
  18   -0.145031445653572910E+01    0.141887796479573947E+00

Maximum Likelihood Parameters
Dim No.        Parameter
   1    0.122418265572880533E+00
   2    0.588113276584938116E-01
   3    0.137673636041591885E+01
   4    0.163639748474482566E+00
   5    0.853466834065920998E-01
   6    0.979786770968673872E-04
   7   -0.452740584034814830E+01
   8    0.879445597311138982E+01
   9   -0.148214667134078693E+01
  10   -0.535164153868653791E+01
  11    0.209856223663690455E+01
  12   -0.499310790359905887E-01
  13   -0.848196403189728265E+01
  14    0.897879398585156530E+01
  15   -0.132183558684389268E+01
  16   -0.483266929585589899E+01
  17    0.812542804962051002E+00
  18   -0.133086240164872005E+01

MAP Parameters
Dim No.        Parameter
   1    0.122418265572880533E+00
   2    0.588113276584938116E-01
   3    0.137673636041591885E+01
   4    0.163639748474482566E+00
   5    0.853466834065920998E-01
   6    0.979786770968673872E-04
   7   -0.452740584034814830E+01
   8    0.879445597311138982E+01
   9   -0.148214667134078693E+01
  10   -0.535164153868653791E+01
  11    0.209856223663690455E+01
  12   -0.499310790359905887E-01
  13   -0.848196403189728265E+01
  14    0.897879398585156530E+01
  15   -0.132183558684389268E+01
  16   -0.483266929585589899E+01
  17    0.812542804962051002E+00
  18   -0.133086240164872005E+01


Mode   2
Strictly Local Log-Evidence   -0.837355944204516891E+04 +/-    0.174562117591009969E+01
Local Log-Evidence   -0.837355944204516891E+04 +/-    0.828020827154604677E+00

Dim No.       Mean        Sigma
   1    0.263249956911839278E+00    0.272003775421092095E-01
   2    0.867968188860352291E-01    0.209982036094554132E-01
   3    0.522516339303341626E+00    0.213721134380940508E+00
   4    0.402658488625157879E-01    0.600279308336312389E-02
   5    0.274243456726047455E-01    0.163819815937619843E-01
   6    0.154407273861609267E-03    0.116282592128101040E-04
   7   -0.719736072955694794E+01    0.384567531089399284E+00
   8    0.131925957348957485E+02    0.138577628002460052E+01
   9    0.116251661544369989E+01    0.134471598174846940E+00
  10    0.521978158496266068E-01    0.750748724369761589E+00
  11    0.322168529471866716E+01    0.209206302213326617E+00
  12    0.405866075747959507E-02    0.344985254519730777E+00
  13   -0.326192300320162376E+01    0.815146489370828092E-01
  14    0.369548665960406764E+01    0.780638382804901498E+00
  15   -0.114593621469387874E+01    0.206656248476517590E+00
  16   -0.358602471954810031E+01    0.842514576513725744E+00
  17    0.916108956489664616E+00    0.806805132243869350E-01
  18    0.258501790023774547E+00    0.164271818491892707E+00

Maximum Likelihood Parameters
Dim No.        Parameter
   1    0.260940572818540106E+00
   2    0.102016589107920941E+00
   3    0.835086343733292713E+00
   4    0.479775966154956796E-01
   5    0.175810123283016671E-01
   6    0.143725618384667078E-03
   7   -0.750464489834983262E+01
   8    0.141157965342976297E+02
   9    0.111808052218223075E+01
  10    0.405259905369231177E+00
  11    0.347280971809873940E+01
  12    0.546963491886165443E-02
  13   -0.324756750167640895E+01
  14    0.386109367200956033E+01
  15   -0.974481192170098875E+00
  16   -0.475182366282627466E+01
  17    0.100369159703236566E+01
  18    0.489517451840325801E+00

MAP Parameters
Dim No.        Parameter
   1    0.260940572818540106E+00
   2    0.102016589107920941E+00
   3    0.835086343733292713E+00
   4    0.479775966154956796E-01
   5    0.175810123283016671E-01
   6    0.143725618384667078E-03
   7   -0.750464489834983262E+01
   8    0.141157965342976297E+02
   9    0.111808052218223075E+01
  10    0.405259905369231177E+00
  11    0.347280971809873940E+01
  12    0.546963491886165443E-02
  13   -0.324756750167640895E+01
  14    0.386109367200956033E+01
  15   -0.974481192170098875E+00
  16   -0.475182366282627466E+01
  17    0.100369159703236566E+01
  18    0.489517451840325801E+00


Mode   3
Strictly Local Log-Evidence   -0.849381193839330990E+04 +/-    0.169408452471509974E+01
Local Log-Evidence   -0.849381193839330990E+04 +/-    0.757617631378677103E+00

Dim No.       Mean        Sigma
   1    0.123163406911496437E+00    0.290206321499958397E-01
   2    0.118259337243542234E+00    0.120673825185412167E-01
   3    0.594836432107525459E+00    0.688300418149659782E-01
   4    0.440196247542475189E-01    0.676158275244345078E-02
   5    0.104383258418768055E+00    0.404431583461212010E-01
   6    0.189462052088213079E-03    0.919269848355689175E-05
   7   -0.933196807336036471E+01    0.382174536567566336E+00
   8    0.719321539993346803E+01    0.111010836567324689E+01
   9   -0.429701457481913643E-01    0.497502739005509731E+00
  10   -0.816250707286626920E+01    0.865913156887349378E+00
  11    0.311421973059260804E+01    0.993068163832801082E-01
  12   -0.327026891089611915E+00    0.195590243542428238E+00
  13   -0.347506778186101339E+01    0.506352778099320167E-01
  14    0.639129652905145385E+01    0.134681678172408836E+01
  15   -0.910705807793981914E+00    0.147668977639895116E+00
  16   -0.395540502068112598E+01    0.624406697721583193E+00
  17    0.126277053664669481E+01    0.403954169877419611E-01
  18    0.313335792388752143E+00    0.934285874813156475E-01

Maximum Likelihood Parameters
Dim No.        Parameter
   1    0.661183158505763285E-01
   2    0.127817905140704735E+00
   3    0.615960803805446044E+00
   4    0.311439203838014961E-01
   5    0.181847966009142964E+00
   6    0.178178056150136814E-03
   7   -0.955403424652013200E+01
   8    0.775493609812819695E+01
   9   -0.804350853551679013E+00
  10   -0.854978070138236568E+01
  11    0.326941326140349320E+01
  12   -0.446070637646485135E-01
  13   -0.347756727890882100E+01
  14    0.630462621622101427E+01
  15   -0.865545122482636042E+00
  16   -0.522047001637865549E+01
  17    0.127970188094931170E+01
  18    0.465154067200118426E+00

MAP Parameters
Dim No.        Parameter
   1    0.661183158505763285E-01
   2    0.127817905140704735E+00
   3    0.615960803805446044E+00
   4    0.311439203838014961E-01
   5    0.181847966009142964E+00
   6    0.178178056150136814E-03
   7   -0.955403424652013200E+01
   8    0.775493609812819695E+01
   9   -0.804350853551679013E+00
  10   -0.854978070138236568E+01
  11    0.326941326140349320E+01
  12   -0.446070637646485135E-01
  13   -0.347756727890882100E+01
  14    0.630462621622101427E+01
  15   -0.865545122482636042E+00
  16   -0.522047001637865549E+01
  17    0.127970188094931170E+01
  18    0.465154067200118426E+00


Mode   4
Strictly Local Log-Evidence   -0.870355880013191927E+04 +/-    0.149265381997252544E+01
Local Log-Evidence   -0.870355880013191927E+04 +/-    0.738825946646603837E+00

Dim No.       Mean        Sigma
   1    0.107549826525877398E+00    0.143942352479696778E-01
   2    0.126075635497928884E+00    0.190295111600620737E-01
   3    0.838745135534428421E+00    0.770199891585066077E-01
   4    0.690720980895042497E-01    0.129680984934137378E-01
   5    0.338146522846901609E-01    0.175317255261874978E-01
   6    0.239470439871423691E-03    0.964668142412179048E-05
   7   -0.713446332396133798E+01    0.178103611331120543E+00
   8    0.693862558350507896E+01    0.906609240086254653E+00
   9   -0.516530703891547649E+00    0.193295070113273487E+00
  10   -0.623824925521478679E+01    0.361064278953050266E+00
  11    0.331229315963500071E+01    0.634624825354353217E-01
  12   -0.167798935496011259E+01    0.137356388870020801E+00
  13   -0.317263344070120068E+01    0.612794616205183801E-01
  14    0.221555563899426033E+01    0.125851093268953163E+00
  15   -0.725575356750725264E+00    0.124447604481159976E+00
  16   -0.594729653917654311E+01    0.700290815357147767E+00
  17    0.739837308889593981E+00    0.519279159987332053E-01
  18   -0.149077390232929957E+00    0.127904005038642993E+00

Maximum Likelihood Parameters
Dim No.        Parameter
   1    0.126267634788067323E+00
   2    0.108268987228695601E+00
   3    0.865306175881017881E+00
   4    0.670080357115151320E-01
   5    0.336211535521367538E-01
   6    0.241595608990994399E-03
   7   -0.736036724811337884E+01
   8    0.625806587442500639E+01
   9   -0.381211035320066838E+00
  10   -0.638583614935100208E+01
  11    0.339489897754657255E+01
  12   -0.168553745858719317E+01
  13   -0.317795194918319091E+01
  14    0.209686654332451683E+01
  15   -0.740111645197467194E+00
  16   -0.622814392940273187E+01
  17    0.697395310673534885E+00
  18   -0.118658351767200410E+00

MAP Parameters
Dim No.        Parameter
   1    0.126267634788067323E+00
   2    0.108268987228695601E+00
   3    0.865306175881017881E+00
   4    0.670080357115151320E-01
   5    0.336211535521367538E-01
   6    0.241595608990994399E-03
   7   -0.736036724811337884E+01
   8    0.625806587442500639E+01
   9   -0.381211035320066838E+00
  10   -0.638583614935100208E+01
  11    0.339489897754657255E+01
  12   -0.168553745858719317E+01
  13   -0.317795194918319091E+01
  14    0.209686654332451683E+01
  15   -0.740111645197467194E+00
  16   -0.622814392940273187E+01
  17    0.697395310673534885E+00
  18   -0.118658351767200410E+00
