Nested Sampling Global Log-Evidence           :   -0.669887321320306728E+04  +/-    0.891294278620064273E+00

Local Mode Properties
-------------------------------------------

Total Modes Found:           2


Mode   1
Strictly Local Log-Evidence   -0.669887321320306728E+04 +/-    0.106912556961208294E+01
Local Log-Evidence   -0.669887321320306728E+04 +/-    0.891294278620064273E+00

Dim No.       Mean        Sigma
   1    0.730540152255371306E-01    0.917255719462964358E-02
   2    0.359912342885472247E-01    0.796171806116104282E-02
   3    0.118533294249304499E+01    0.119314564594479477E+00
   4    0.335059720581411865E-02    0.194724936800266791E-02
   5    0.124210186036867135E+00    0.922532056471405369E-02
   6    0.108519904380114101E-03    0.380590390051651266E-05
   7   -0.430843789256320875E+01    0.478267262042405272E-01
   8    0.435886826588663201E+01    0.106118910348327156E+00
   9   -0.206150001051978293E+01    0.251294911567882417E+00
  10   -0.139407178620052985E+01    0.514776080676450754E+00
  11    0.191566868764383402E+01    0.177688406257013841E-01
  12   -0.161209987615819816E+01    0.100109419777994563E+00
  13   -0.795934937411136811E+01    0.277969410353871849E+00
  14    0.353875319495826979E+01    0.276407260609227323E+00
  15    0.691403604853797593E+00    0.212926765580083138E+00
  16   -0.657466055677312422E+00    0.177017522860104637E+00
  17    0.298783966902954212E+01    0.138824318216758363E+00
  18   -0.160037376535590314E+01    0.173897225886819246E+00
  19   -0.771012007699884450E+01    0.911073099671137199E-01
  20    0.685542483841568462E+01    0.818610526941047856E+00
  21   -0.141787148521675488E+01    0.259153769044272231E+00
  22   -0.928767183339999036E+01    0.371603134207221686E+00
  23    0.200883057808644283E+01    0.423954814400887905E-01
  24   -0.159430463105302733E+01    0.127907468006299735E+00

Maximum Likelihood Parameters
Dim No.        Parameter
   1    0.666690771419677086E-01
   2    0.513431374065835000E-01
   3    0.110592477719314219E+01
   4    0.738384775203173921E-03
   5    0.118180026382442280E+00
   6    0.107430700631619527E-03
   7   -0.425953516408522770E+01
   8    0.442316987374717918E+01
   9   -0.224335095101281556E+01
  10   -0.112712997673552451E+01
  11    0.189672618365167533E+01
  12   -0.163414999692912066E+01
  13   -0.752481269042968393E+01
  14    0.346986777327460372E+01
  15    0.518181810395101916E+00
  16   -0.569550806320085812E+00
  17    0.287723227798337211E+01
  18   -0.187165993307236711E+01
  19   -0.775765628451967615E+01
  20    0.784439960267357073E+01
  21   -0.117702281238748796E+01
  22   -0.946514286084395806E+01
  23    0.206966476285631629E+01
  24   -0.178063365169358434E+01

MAP Parameters
Dim No.        Parameter
   1    0.666690771419677086E-01
   2    0.513431374065835000E-01
   3    0.110592477719314219E+01
   4    0.738384775203173921E-03
   5    0.118180026382442280E+00
   6    0.107430700631619527E-03
   7   -0.425953516408522770E+01
   8    0.442316987374717918E+01
   9   -0.224335095101281556E+01
  10   -0.112712997673552451E+01
  11    0.189672618365167533E+01
  12   -0.163414999692912066E+01
  13   -0.752481269042968393E+01
  14    0.346986777327460372E+01
  15    0.518181810395101916E+00
  16   -0.569550806320085812E+00
  17    0.287723227798337211E+01
  18   -0.187165993307236711E+01
  19   -0.775765628451967615E+01
  20    0.784439960267357073E+01
  21   -0.117702281238748796E+01
  22   -0.946514286084395806E+01
  23    0.206966476285631629E+01
  24   -0.178063365169358434E+01


Mode   2
Strictly Local Log-Evidence   -0.712312566942692865E+04 +/-    0.156811586003481973E+01
Local Log-Evidence   -0.712312566942692865E+04 +/-    0.866020289543083632E+00

Dim No.       Mean        Sigma
   1    0.161888320055522311E+00    0.243307533818777344E-01
   2    0.204540476906257436E-01    0.903048834927927188E-02
   3    0.874861256614509530E+00    0.161989916758734281E+00
   4    0.778370894137142000E-01    0.111467185883462761E-01
   5    0.108821202053450666E+00    0.182223172943221066E-01
   6    0.574402196147834161E-04    0.883389176765125962E-05
   7   -0.547871678968163778E+01    0.271196872994933447E+00
   8    0.678630800761994646E+01    0.458797710557439953E+00
   9   -0.937998332959345649E+00    0.282836545518401872E+00
  10   -0.229336307362551706E+01    0.121513758945981509E+01
  11    0.206466145559718051E+01    0.145897047738121843E+00
  12   -0.169174352211296886E+01    0.146546472312404308E+00
  13   -0.969005896481466067E+01    0.206805430101192289E+00
  14    0.577738090060776255E+01    0.403993273071328651E+00
  15   -0.201013164373364450E+01    0.437163812790936357E+00
  16   -0.621282065911596404E+00    0.771282048487161198E+00
  17    0.228847019240027150E+01    0.253265960264223433E+00
  18   -0.135226794584350607E+01    0.371555127710547717E+00
  19   -0.737178978843824151E+01    0.697658350764819302E-01
  20    0.471874699052472746E+01    0.655138747645988784E+00
  21   -0.240812678903205846E+00    0.231033411886291451E+00
  22   -0.478979238625365600E+01    0.660045048205210816E+00
  23    0.187525576756563095E+01    0.449769123871059107E-01
  24   -0.125510893070715635E+01    0.291874541231211926E+00

Maximum Likelihood Parameters
Dim No.        Parameter
   1    0.166005212297072491E+00
   2    0.811432832716950381E-02
   3    0.867155383171090088E+00
   4    0.874537001375869649E-01
   5    0.122199278277895576E+00
   6    0.475570003360735141E-04
   7   -0.562432849880269714E+01
   8    0.740683707187585494E+01
   9   -0.774700120726698138E+00
  10   -0.402488780986687811E+01
  11    0.210595543450713940E+01
  12   -0.192477584465145002E+01
  13   -0.979260205653018190E+01
  14    0.647593998496511336E+01
  15   -0.168994430881573354E+01
  16   -0.283408441651467058E-01
  17    0.268851309974928920E+01
  18   -0.172363075108214003E+01
  19   -0.739618736821839473E+01
  20    0.558489961051694372E+01
  21   -0.231186099308335891E+00
  22   -0.435271634542630093E+01
  23    0.192713070392777475E+01
  24   -0.151060893477849834E+01

MAP Parameters
Dim No.        Parameter
   1    0.166005212297072491E+00
   2    0.811432832716950381E-02
   3    0.867155383171090088E+00
   4    0.874537001375869649E-01
   5    0.122199278277895576E+00
   6    0.475570003360735141E-04
   7   -0.562432849880269714E+01
   8    0.740683707187585494E+01
   9   -0.774700120726698138E+00
  10   -0.402488780986687811E+01
  11    0.210595543450713940E+01
  12   -0.192477584465145002E+01
  13   -0.979260205653018190E+01
  14    0.647593998496511336E+01
  15   -0.168994430881573354E+01
  16   -0.283408441651467058E-01
  17    0.268851309974928920E+01
  18   -0.172363075108214003E+01
  19   -0.739618736821839473E+01
  20    0.558489961051694372E+01
  21   -0.231186099308335891E+00
  22   -0.435271634542630093E+01
  23    0.192713070392777475E+01
  24   -0.151060893477849834E+01
