 F
       28866       52207           3         200
   -0.703798436349153326E+04   -0.690427851658442614E+04
 T
   2
    0.200000000000000000E+01    0.300000000000000000E+01    0.709999999999999964E+00    0.289999999999999980E+00
   0
   0
 T T     0           0
    0.000000000000000000E+00   -0.100000000000000002+101    0.000000000000000000E+00
 T F     1         142
    0.474375436400211484E-63   -0.704979034773981584E+04   -0.690870759073811314E+04
 T F     1          58
    0.317125263065320871E-60   -0.703798437095133977E+04   -0.690427848351527700E+04
