Nested Sampling Global Log-Evidence           :   -0.853173306393073108E+04  +/-    0.911344403800781300E+00

Local Mode Properties
-------------------------------------------

Total Modes Found:           3


Mode   1
Strictly Local Log-Evidence   -0.877300594743330112E+04 +/-    0.129342761968591069E+01
Local Log-Evidence   -0.877300594743330112E+04 +/-    0.833232457395317594E+00

Dim No.       Mean        Sigma
   1    0.269612275179057503E+00    0.149989426705772581E-01
   2    0.502589879032755357E-01    0.840244051481751388E-02
   3    0.337157650641662088E+00    0.109039255446590461E+00
   4    0.182504483076380203E+00    0.700498501255016233E-02
   5    0.669580471344040640E-01    0.206550445481235544E-01
   6    0.842929260012415454E-04    0.579777754681922853E-05
   7   -0.707084690807043170E+01    0.187031995533021911E+00
   8    0.402424452846224590E+01    0.758834472935824844E+00
   9    0.941562600205593903E+00    0.944168970841372246E-01
  10   -0.520639714714074664E+00    0.570208319929180862E+00
  11    0.202450647869511613E+01    0.118471371635726214E+00
  12   -0.128241175726124768E+01    0.141790590574419478E+00
  13   -0.604383347672221749E+01    0.643974839667780102E-01
  14    0.117572420579064936E+02    0.413392097840807160E+00
  15   -0.637981276102788236E-01    0.180466880604287810E+00
  16   -0.572252460559897358E+01    0.314431251968508851E+00
  17    0.236025012987713945E+01    0.773913256482081230E-01
  18    0.653116889065352146E-01    0.125268494260111163E+00
  19   -0.674705094274577810E+01    0.543728469173711329E-01
  20    0.864750894365726275E+01    0.325264759417032312E+00
  21   -0.912661744801133601E+00    0.102531165852922379E+00
  22   -0.225499661435129672E+01    0.485789635911036632E+00
  23    0.138893551272796367E+01    0.291029896295967073E-01
  24   -0.151632291246842094E-01    0.113639004982855951E+00

Maximum Likelihood Parameters
Dim No.        Parameter
   1    0.280301773139863264E+00
   2    0.474814763245612961E-01
   3    0.395879005160756692E+00
   4    0.181484919358956748E+00
   5    0.583880141778233691E-01
   6    0.851866336961278059E-04
   7   -0.697931796437685215E+01
   8    0.456375490228802505E+01
   9    0.870979590401882220E+00
  10   -0.581344523235358679E+00
  11    0.208441247119299611E+01
  12   -0.133677931837113828E+01
  13   -0.600850015779031210E+01
  14    0.115212635796093892E+02
  15   -0.107027348561778979E+00
  16   -0.577037340617111827E+01
  17    0.233943355444472845E+01
  18    0.139435848190337275E+00
  19   -0.672414617089395517E+01
  20    0.841739157239851821E+01
  21   -0.965411670954084311E+00
  22   -0.243118360354028162E+01
  23    0.138631012804837295E+01
  24    0.658639143448658260E-02

MAP Parameters
Dim No.        Parameter
   1    0.280301773139863264E+00
   2    0.474814763245612961E-01
   3    0.395879005160756692E+00
   4    0.181484919358956748E+00
   5    0.583880141778233691E-01
   6    0.851866336961278059E-04
   7   -0.697931796437685215E+01
   8    0.456375490228802505E+01
   9    0.870979590401882220E+00
  10   -0.581344523235358679E+00
  11    0.208441247119299611E+01
  12   -0.133677931837113828E+01
  13   -0.600850015779031210E+01
  14    0.115212635796093892E+02
  15   -0.107027348561778979E+00
  16   -0.577037340617111827E+01
  17    0.233943355444472845E+01
  18    0.139435848190337275E+00
  19   -0.672414617089395517E+01
  20    0.841739157239851821E+01
  21   -0.965411670954084311E+00
  22   -0.243118360354028162E+01
  23    0.138631012804837295E+01
  24    0.658639143448658260E-02


Mode   2
Strictly Local Log-Evidence   -0.853173306393073108E+04 +/-    0.161104451980985930E+01
Local Log-Evidence   -0.853173306393073108E+04 +/-    0.911344403800781300E+00

Dim No.       Mean        Sigma
   1    0.148578207578986432E+00    0.285306721659209679E-01
   2    0.832746651112264563E-01    0.301561429253064464E-01
   3    0.178870582911381892E+01    0.132482309034693491E+00
   4    0.244512573503023523E+00    0.126655832380262057E-01
   5    0.339436231596702970E-01    0.149902060825007431E-01
   6    0.719279282527136041E-04    0.664174540602109370E-05
   7   -0.463086074295843542E+01    0.112664677051701093E+00
   8    0.838187750956120858E+01    0.636658395402726063E+00
   9   -0.901043084791054549E+00    0.167310450743071604E+00
  10   -0.594909732380439982E+00    0.381810467294611489E+00
  11    0.228791555736698848E+01    0.558859266469997826E-01
  12    0.616277810391881453E-01    0.168413676403507906E+00
  13   -0.613290875937990698E+01    0.551968776654535587E+00
  14    0.492016441247375003E+01    0.923640378470194534E+00
  15    0.113353999958215246E+01    0.715354950715231114E-01
  16   -0.772360160221986458E+01    0.962446302055623093E+00
  17    0.252109285514709613E+01    0.344007816700086788E+00
  18   -0.393932665810733273E+00    0.236777880671505569E+00
  19   -0.775919228910473535E+01    0.410245026530810852E+00
  20    0.399670421539303522E+01    0.858244513544879517E+00
  21    0.276754164817135329E+00    0.174984059161476913E+00
  22   -0.249965349420082195E+01    0.387003761622281839E+00
  23    0.106400105503814002E+01    0.220160403175219899E+00
  24   -0.849683195019133364E+00    0.208779671589972043E+00

Maximum Likelihood Parameters
Dim No.        Parameter
   1    0.184593741579396176E+00
   2    0.163454123534272910E-01
   3    0.147132609270977865E+01
   4    0.277942251685884545E+00
   5    0.261026512045634262E-01
   6    0.767064400307854573E-04
   7   -0.449271486475372406E+01
   8    0.718171308848730039E+01
   9   -0.797829470670975649E+00
  10    0.160471586819459944E+00
  11    0.221095033150417741E+01
  12    0.442653652022690025E+00
  13   -0.728190545472522111E+01
  14    0.696208243337078958E+01
  15    0.111851391062190864E+01
  16   -0.939038449747502213E+01
  17    0.328397981312394194E+01
  18   -0.890773349088827437E+00
  19   -0.888562992890901349E+01
  20    0.679653655999060735E+01
  21    0.749222329473798077E+00
  22   -0.220210982114118270E+01
  23    0.650148576717184956E+00
  24   -0.125280063756542703E+01

MAP Parameters
Dim No.        Parameter
   1    0.184593741579396176E+00
   2    0.163454123534272910E-01
   3    0.147132609270977865E+01
   4    0.277942251685884545E+00
   5    0.261026512045634262E-01
   6    0.767064400307854573E-04
   7   -0.449271486475372406E+01
   8    0.718171308848730039E+01
   9   -0.797829470670975649E+00
  10    0.160471586819459944E+00
  11    0.221095033150417741E+01
  12    0.442653652022690025E+00
  13   -0.728190545472522111E+01
  14    0.696208243337078958E+01
  15    0.111851391062190864E+01
  16   -0.939038449747502213E+01
  17    0.328397981312394194E+01
  18   -0.890773349088827437E+00
  19   -0.888562992890901349E+01
  20    0.679653655999060735E+01
  21    0.749222329473798077E+00
  22   -0.220210982114118270E+01
  23    0.650148576717184956E+00
  24   -0.125280063756542703E+01


Mode   3
Strictly Local Log-Evidence   -0.874432621038707475E+04 +/-    0.176666602803954542E+01
Local Log-Evidence   -0.874432621038707475E+04 +/-    0.909447000367086478E+00

Dim No.       Mean        Sigma
   1    0.515135976732973150E-01    0.252586536684167792E-01
   2    0.156318365810118681E+00    0.274427837006049474E-01
   3    0.118427057397392166E+01    0.454631488324058697E+00
   4    0.244779884763773659E+00    0.134975263970815735E-01
   5    0.149877958748669687E+00    0.470419539319709840E-01
   6    0.306014516857791593E-04    0.878161356019207825E-05
   7   -0.546805630319683456E+01    0.388564388224895196E+00
   8    0.997848501203043270E+01    0.242300642263859256E+01
   9    0.233864578790175248E+00    0.525487477727106467E+00
  10   -0.663962765783016184E+01    0.107885067737408957E+01
  11    0.171719665207327377E+01    0.431451656636380410E+00
  12   -0.969156884978574107E+00    0.367903030331707404E+00
  13   -0.645908403506885875E+01    0.722193498900934649E+00
  14    0.518420483502482643E+01    0.150870652535516747E+01
  15    0.921261597060102577E+00    0.385210047886754059E+00
  16   -0.301989726325749785E+01    0.227406983574158161E+01
  17    0.148164342614903322E+01    0.503440775800409912E+00
  18   -0.160878397243533866E+00    0.278730346721481059E+00
  19   -0.678762267227070204E+01    0.144871741806905846E+00
  20    0.637201995182194203E+01    0.189006887908570609E+01
  21   -0.464588005639239743E+00    0.307501423510287974E+00
  22   -0.289749960446296795E+01    0.446742323375875328E+00
  23    0.135496413723906550E+01    0.598430285040276733E-01
  24   -0.265759944883381949E+00    0.328888314236413182E+00

Maximum Likelihood Parameters
Dim No.        Parameter
   1    0.339387485190743646E-01
   2    0.171856553977883519E+00
   3    0.840445803692121962E+00
   4    0.252697331407207348E+00
   5    0.150844385523300345E+00
   6    0.222517412705601496E-04
   7   -0.552552058735527218E+01
   8    0.111357917116822129E+02
   9    0.395328312611533672E+00
  10   -0.649391308139541401E+01
  11    0.158111691369145735E+01
  12   -0.106219583397940975E+01
  13   -0.699265258173980353E+01
  14    0.309119972077266070E+01
  15    0.881446847704705494E+00
  16   -0.385526869146335205E+01
  17    0.169641008018775041E+01
  18   -0.201063512482936746E+00
  19   -0.663034792596397260E+01
  20    0.636474560594505157E+01
  21   -0.804754193009395991E+00
  22   -0.257255724869424540E+01
  23    0.133692191209147193E+01
  24   -0.335789148891700195E+00

MAP Parameters
Dim No.        Parameter
   1    0.339387485190743646E-01
   2    0.171856553977883519E+00
   3    0.840445803692121962E+00
   4    0.252697331407207348E+00
   5    0.150844385523300345E+00
   6    0.222517412705601496E-04
   7   -0.552552058735527218E+01
   8    0.111357917116822129E+02
   9    0.395328312611533672E+00
  10   -0.649391308139541401E+01
  11    0.158111691369145735E+01
  12   -0.106219583397940975E+01
  13   -0.699265258173980353E+01
  14    0.309119972077266070E+01
  15    0.881446847704705494E+00
  16   -0.385526869146335205E+01
  17    0.169641008018775041E+01
  18   -0.201063512482936746E+00
  19   -0.663034792596397260E+01
  20    0.636474560594505157E+01
  21   -0.804754193009395991E+00
  22   -0.257255724869424540E+01
  23    0.133692191209147193E+01
  24   -0.335789148891700195E+00
