    0.959905885280563779E-43    0.953212194417219871E+04   -0.437767475843429565E+01   -0.856221616268157959E+00    0.332477473318576777E+01    0.845860224962234675E+00    0.170406337678432429E+01    0.682037591934204102E+00    0.417396277189254761E+00
    0.204102762389493940E-33    0.948916666559086843E+04   -0.116080999374389648E+01   -0.907801389694213867E+00    0.884953855276107859E+01   -0.256904140710830697E+01   -0.576359684169292485E+01    0.133138394355773926E+01   -0.153474508225917816E+01
    0.168216655198023235E-56    0.959547232155134589E+04   -0.263714718818664551E+01   -0.133686810731887817E+01    0.802343459427356720E+01    0.172267758846283314E+00   -0.938074910044670141E+01    0.152660781145095825E+01   -0.535155653953552246E+00
    0.607718378114742462E-89    0.974487402005309377E+04   -0.292644912004470825E+01   -0.263957321643829346E+01    0.519442128837108541E+01    0.107590976953506434E+01   -0.826306204795837473E+01    0.203520238399505615E+01   -0.169395537674427032E+01
    0.353426382781288587E-52    0.957556679591054672E+04   -0.287919253110885620E+01   -0.605603158473968506E+00    0.546176583766937185E+01   -0.345699421167373666E+01   -0.407735153734684008E+01    0.120677870512008667E+01    0.378502905368804932E-02
    0.173318427350537313E-36    0.950330916231095216E+04   -0.431171822547912598E+01   -0.253532290458679199E+01    0.484298734366893768E+01    0.186317042708396929E+01   -0.544849897921085358E+01    0.171636104583740234E+01   -0.267115801572799683E+00
    0.958576999517419925E+00    0.933410239687646936E+04   -0.295996123552322388E+01   -0.219000726938247681E+01    0.900915719270706106E+01    0.270029453039169365E+01   -0.932580986618995667E+01    0.127735513448715210E+01    0.332875043153762817E+00
    0.369617708838181507E-54    0.958468754820076174E+04   -0.105354869365692139E+01   -0.127300292253494263E+01    0.647868242859840393E+01    0.532553589344024303E+00   -0.252866942584514653E+01    0.131653201580047607E+01    0.477745845913887024E+00
    0.318755587453208372E-22    0.943761819150226074E+04   -0.285067385435104370E+01   -0.428918898105621338E+00    0.751539157032966543E+01   -0.915658265352249146E+00   -0.391574548482894969E+01    0.104160004854202271E+01   -0.109601789712905884E+01
    0.136330024053608659E-43    0.953602545747190925E+04   -0.230724936723709106E+01   -0.903985500335693359E+00    0.780721243917941976E+01   -0.999984663724899470E+00   -0.639990887641906703E+01    0.122688597440719604E+01   -0.100888285040855408E+01
    0.736337197196782041E-66    0.963857115261255240E+04   -0.129226076602935791E+01   -0.177726447582244873E+01    0.338710559904575348E+01    0.102595748901367223E+01   -0.138568425178528187E+00    0.119510501623153687E+01   -0.117681729793548584E+01
    0.868313781206967733E-85    0.972573965617383510E+04   -0.105618768930435181E+01   -0.251398861408233643E+01    0.375033078491687721E+01    0.141884567737579381E+01   -0.171232548356056213E+01    0.152687227725982666E+01   -0.157446403801441193E+01
    0.379975352181755988E-48    0.955700125281324472E+04   -0.276842063665390015E+01   -0.424647033214569092E+00    0.557993142604827863E+01   -0.132863199710846036E+00   -0.319524533450603521E+01    0.779435575008392334E+00   -0.167012542486190796E+00
    0.414230004826624462E-01    0.934038562407414065E+04   -0.384158146381378174E+01   -0.924629569053649902E+00    0.382447141706943494E+01    0.814704310894012629E+00   -0.349096075594425237E+01    0.983980476856231689E+00    0.154328837990760803E+00
