 F
        6000      105991           3         300
   -0.255702630997257620E+05   -0.255377462997334369E+05
 T
   2
    0.200000000000000000E+01    0.300000000000000000E+01    0.920000000000000040E+00    0.800000000000000017E-01
   0
   0
 T T     0           0
    0.000000000000000000E+00   -0.100000000000000002+101    0.000000000000000000E+00
 F F     1         276
    0.141196209588036328E-07   -0.256212319137953928E+05   -0.256079759980930467E+05
 F F     1          24
    0.433352406981333689E-14   -0.255702630997257620E+05   -0.255377462997334369E+05
