 F
       18446       28836           3         200
   -0.560360414456988383E+04   -0.551975016683421381E+04
 T
   2
    0.200000000000000000E+01    0.300000000000000000E+01    0.119999999999999996E+00    0.880000000000000004E+00
   0
   0
 T T     0           0
    0.000000000000000000E+00   -0.100000000000000002+101    0.000000000000000000E+00
 T F     1          24
    0.204685267089666615E-37   -0.560515195060701080E+04   -0.552104057895186452E+04
 T F     1         176
    0.870447498427116746E-40   -0.560384330845062505E+04   -0.551940151459125900E+04
